1 0.00
2 1.60
3 2.64
4 0.02
5 -0.28
6 -0.20
7 1.28
8 1.49
9 -1.73
10 -1.94
11 -2.55
12 -3.97
13 -1.45
14 -0.57
15 -0.05
16 0.56
17 -0.32
18 1.73
19 2.52
20 2.57
21 0.49
22 0.16
23 1.62
24 1.25
25 -2.11
26 -2.30
27 -1.66
28 -1.56
29 -1.82
30 0.14
31 0.32
32 0.58
33 1.12
34 3.49
35 3.03
36 2.47
37 0.89
38 0.85
39 0.38
40 2.82
41 2.15
42 -1.00
43 -2.26
44 -2.69
45 -1.84
46 -0.30
47 0.33
48 0.28
49 0.90
50 3.02
51 3.30
52 2.21
53 1.27
54 -0.09
55 1.32
56 2.56
57 2.20
58 -0.85
59 -3.61
60 -3.86
61 -1.87
62 -1.76
63 -0.34
64 -0.12
65 0.42
66 3.39
67 3.19
68 2.79
69 1.93
70 -0.16
71 0.50
72 1.36
73 1.30
74 -2.14
75 -3.55
76 -3.36
77 -3.48
78 -1.70
79 -0.88
80 -0.59
81 -0.13
82 3.80
83 4.25
84 3.07
85 1.89
86 0.07
87 0.00
88 0.99
89 1.69
90 -1.75
91 -2.34
92 -4.26
93 -2.63
94 -1.39
95 0.10
96 -0.16
97 0.18
98 3.18
99 4.44
100 3.61
101 2.94
102 1.39
103 1.13
104 0.77
105 0.72
106 -2.30
107 -2.17
108 -4.09
109 -2.30
110 -2.30
111 -0.57
112 0.28
113 0.12
114 3.72
115 3.73
116 2.91
117 2.43
118 0.75
119 0.04
120 0.67
121 0.82
122 -2.43
123 -3.55
124 -3.23
125 -2.23
126 -1.57
127 -0.90
128 0.06
129 0.11
130 4.65
131 6.62
132 6.08
133 5.52
134 3.03
135 2.76
136 2.58
137 3.54
138 0.79
139 0.08
140 1.42
141 1.09
142 1.63
143 2.12
144 2.46
145 2.03
146 6.00
147 6.86
148 5.99
149 4.83
150 3.51
151 2.41
152 3.19
153 3.19
154 1.43
155 1.88
156 1.00
157 2.14
158 2.02
159 1.78
160 2.45
161 2.36
162 5.10
163 5.79
164 0.00
165 2.51
166 2.24
167 2.18
168 3.31
169 3.61
170 1.88
171 1.71
172 1.86
173 2.97
174 2.11
175 2.48
176 2.97
177 3.43
178 6.54
179 7.52
180 5.42
181 4.11
182 2.75
183 1.92
184 3.26
185 5.11
186 2.12
187 0.34
188 1.54
189 1.64
190 2.16
191 1.67
192 2.45
193 2.49
194 6.26
195 6.77
196 5.46
197 4.54
198 2.62
199 2.46
200 3.51
201 4.37
202 2.05
203 1.20
204 1.35
205 1.38
206 1.90
207 2.28
208 2.80
209 3.30
210 5.02
211 5.83
212 5.06
213 2.96
214 2.61
215 3.84
216 4.49
217 5.03
218 3.16
219 1.82
220 1.85
221 2.74
222 3.34
223 3.56
224 3.49
225 3.19
226 4.19
227 5.67
228 3.86
229 2.95
230 2.70
231 4.45
232 4.30
233 2.17
234 1.36
235 1.04
236 1.41
237 2.55
238 2.99
239 2.84
240 3.00
241 3.31
242 4.47
243 4.75
244 1.07
245 2.05
246 1.70
247 3.11
248 3.37
249 0.00
250 1.12
251 1.01
252 2.06
253 1.15
254 1.68
255 2.23
256 2.93
257 1.23
258 -0.06
259 0.69
260 -1.94
261 -2.14
262 -1.24
263 0.04
264 -0.17
265 -2.72
266 -4.28
267 -3.94
268 -3.38
269 -2.06
270 -1.25
271 -1.52
272 -0.25
273 -1.06
274 1.00
275 1.60
276 -0.27
277 -1.69
278 -2.90
279 -1.87
280 0.35
281 -3.02
282 -2.41
283 -2.12
284 -0.92
285 -2.01
286 -1.33
287 -1.06
288 -0.33
289 0.18
290 1.48
291 1.24
292 1.73
293 -1.34
294 -1.39
295 -1.51
296 -0.08
297 1.23
298 -0.90
299 -0.85
300 -1.88
301 -1.06
302 -1.53
303 -0.08
304 -0.04
305 -0.52
306 1.80
307 2.19
308 0.93
309 -0.59
310 -1.85
311 -1.31
312 -0.55
313 0.65
314 -2.75
315 -2.05
316 -1.04
317 -1.52
318 -2.54
319 -1.43
320 -0.75
321 -0.90
322 1.34
323 1.27
324 -0.55
325 -0.98
326 -2.15
327 -1.84
328 -0.80
329 -0.12
330 -2.46
331 -2.24
332 -1.27
333 -0.96
334 -1.94
335 -1.72
336 -1.50
337 -1.05
338 2.43
339 3.33
340 0.43
341 -0.48
342 -2.75
343 -1.95
344 0.82
345 1.77
346 -1.23
347 -1.44
348 -2.20
349 -1.25
350 -0.44
351 -0.46
352 -1.14
353 -0.67
354 2.60
355 3.68
356 1.48
357 -0.76
358 -2.18
359 -1.37
360 -0.71
361 0.37
362 -1.77
363 -1.91
364 -2.10
365 -0.58
366 -1.06
367 -1.05
368 -0.50
369 -0.72
370 2.18
371 3.01
372 1.23
373 -0.05
374 -2.57
375 -2.46
376 -1.03
377 -0.53
378 -2.10
379 -3.20
380 -3.05
381 -1.29
382 -1.69
383 -1.52
384 -0.40
385 -0.54
386 2.87
387 3.54
388 1.68
389 0.17
390 -1.46
391 -0.84
392 -0.29
393 1.18
394 0.12
395 -0.91
396 -0.61
397 -1.30
398 -1.13
399 0.42
400 1.03
401 0.33
402 4.10
403 4.43
404 2.11
405 1.14
406 -1.22
407 -1.72
408 -0.24
409 0.13
410 -0.83
411 -1.24
412 -0.96
413 -0.29
414 0.20
415 0.46
416 1.10
417 0.42
418 2.87
419 2.57
420 1.27
421 -0.02
422 -2.16
423 -1.40
424 0.13
425 1.47
426 0.28
427 0.31
428 0.82
429 -0.16
430 0.77
431 0.30
432 1.09
433 1.39
434 3.89
435 3.14
436 1.26
437 0.31
438 -0.91
439 -0.74
440 1.67
441 1.97
442 -1.72
443 -1.08
444 -1.78
445 0.43
446 0.43
447 0.35
448 0.19
449 0.79
450 2.88
451 2.11
452 1.63
453 -0.93
454 -0.90
455 -0.33
456 1.43
457 1.85
458 0.65
459 -1.53
460 -0.67
461 -0.79
462 0.13
463 0.91
464 0.64
465 0.88
466 1.74
467 1.20
468 0.84
469 -0.46
470 -1.54
471 0.68
472 2.82
473 2.75
474 -0.38
475 -0.70
476 0.20
477 0.64
478 1.74
479 1.91
480 2.28
481 2.49
482 2.79
483 2.22
484 -0.27
485 -0.48
486 0.35
487 1.33
488 2.25
489 -0.91
490 -0.87
491 0.34
492 0.80
493 0.30
494 1.16
495 1.37
496 1.73
497 1.60
498 0.02
499 -0.58
500 -0.95
501 -0.97
502 -0.64
503 0.30
504 -0.11
505 -2.54
506 -0.95
507 -0.82
508 -0.21
509 0.41
510 0.55
511 0.07
512 1.15
513 -0.26
514 -0.68
515 0.67
516 -0.22
517 -0.73
518 0.19
519 1.27
520 1.83
521 -0.30
522 -2.55
523 -1.85
524 -1.81
525 -1.37
526 -0.32
527 0.05
528 -0.05
529 -2.17
530 -0.42
531 1.31
532 -0.42
533 -0.02
534 0.62
535 2.21
536 2.04
537 -1.92
538 -1.19
539 -1.46
540 -1.85
541 -0.62
542 -0.40
543 0.22
544 0.58
545 -0.33
546 1.92
547 2.64
548 1.14
549 -0.46
550 -0.31
551 1.32
552 2.39
553 2.68
554 -0.68
555 -0.92
556 -1.50
557 -0.43
558 0.24
559 1.36
560 0.97
561 -0.58
562 1.89
563 0.99
564 1.04
565 -0.16
566 -1.22
567 0.65
568 1.94
569 3.06
570 -0.30
571 -2.32
572 -2.15
573 -1.68
574 -1.61
575 -0.33
576 -0.45
577 -0.12
578 1.06
579 2.66
580 1.31
581 -0.32
582 -1.23
583 0.48
584 1.08
585 0.68
586 -2.42
587 -2.64
588 -2.76
589 -1.99
590 -0.88
591 -0.63
592 0.16
593 0.15
594 1.80
595 1.83
596 2.15
597 -0.06
598 -1.16
599 -0.79
600 1.93
601 1.74
602 -1.56
603 -1.40
604 -2.44
605 -1.16
606 -0.76
607 0.64
608 -0.45
609 0.08
610 1.11
611 2.31
612 1.72
613 0.41
614 -0.32
615 -0.06
616 0.16
617 0.96
618 -0.46
619 -1.52
620 -1.54
621 -0.70
622 -0.97
623 0.16
624 0.80
625 0.09
626 1.79
627 2.72
628 1.31
629 0.05
630 -1.62
631 -1.02
632 0.37
633 1.32
634 -1.11
635 -1.06
636 -0.81
637 -1.59
638 -2.28
639 -0.10
640 0.31
641 0.08
642 1.76
643 1.94
644 1.28
645 0.77
646 -0.86
647 0.29
648 1.55
649 1.73
650 -1.77
651 -2.43
652 -1.69
653 -0.45
654 -1.21
655 -0.28
656 0.30
657 0.23
658 2.45
659 2.99
660 0.98
661 1.18
662 -0.72
663 -0.74
664 2.00
665 1.69
666 -1.28
667 -0.85
668 -1.20
669 -1.50
670 -0.33
671 0.23
672 0.87
673 0.47
674 1.08
675 1.57
676 0.58
677 0.23
678 -0.61
679 -0.40
680 0.56
681 1.05
682 -1.03
683 0.00
684 -1.23
685 -0.22
686 0.74
687 0.38
688 1.53
689 0.60
690 3.19
691 4.31
692 2.82
693 0.61
694 -0.93
695 0.96
696 1.63
697 3.34
698 -0.52
699 -2.15
700 -2.32
701 -2.05
702 -1.06
703 -0.35
704 0.68
705 -0.32
706 1.48
707 2.42
708 1.50
709 -0.23
710 -0.42
711 0.34
712 2.34
713 2.50
714 -1.19
715 -1.23
716 -1.69
717 -0.56
718 -0.18
719 0.27
720 0.94
721 -1.24
722 0.97
723 2.15
724 1.19
725 -0.24
726 -1.21
727 -0.12
728 1.07
729 1.87
730 -0.68
731 -1.42
732 -0.48
733 -0.84
734 0.64
735 1.29
736 1.39
737 0.65
738 0.77
739 2.78
740 0.70
741 0.65
742 0.79
743 2.21
744 2.13
745 -1.17
746 -4.04
747 -0.94
748 0.06
749 -1.12
750 0.12
751 0.52
752 1.35
753 -1.06
754 0.27
755 0.33
756 -0.93
757 -0.42
758 -0.21
759 1.24
760 0.98
761 -2.61
762 -2.45
763 -1.59
764 -1.59
765 -1.16
766 -0.15
767 -0.20
768 0.23
769 -2.38
770 -1.20
771 -0.76
772 -0.76
773 -1.48
774 -0.68
775 0.53
776 2.78
777 -1.62
778 -3.36
779 -2.58
780 -1.09
781 -0.95
782 -0.97
783 -0.22
784 -0.86
785 -0.71
786 -0.11
787 1.74
788 0.10
789 -0.68
790 -1.02
791 0.51
792 1.27
793 -1.44
794 -1.40
795 -2.01
796 -1.00
797 -0.03
798 -0.20
799 0.60
800 0.25
801 0.26
802 1.50
803 2.13
804 1.71
805 -0.39
806 -0.33
807 -1.10
808 1.96
809 2.02
810 -1.69
811 -2.48
812 -1.09
813 -0.46
814 -0.08
815 0.75
816 0.06
817 0.28
818 0.42
819 2.22
820 1.64
821 -0.31
822 -0.75
823 0.58
824 1.85
825 2.37
826 -0.83
827 -1.88
828 -1.70
829 -0.27
830 -1.31
831 -0.06
832 -0.55
833 -0.28
834 1.41
835 1.69
836 0.30
837 -0.62
838 -0.96
839 -0.58
840 1.44
841 1.05
842 -1.74
843 -2.79
844 -3.10
845 -1.79
846 -0.98
847 -0.78
848 -0.52
849 -0.50
850 0.70
851 2.18
852 1.30
853 0.19
854 -1.37
855 -0.66
856 1.20
857 2.27
858 -1.43
859 -2.45
860 -2.57
861 -1.27
862 0.17
863 0.60
864 -0.32
865 -0.86
866 -0.35
867 2.30
868 2.04
869 0.40
870 -0.31
871 0.23
872 0.77
873 1.98
874 -1.52
875 -3.27
876 -2.89
877 -2.89
878 -0.85
879 -0.63
880 -0.09
881 -0.28
882 1.71
883 2.55
884 2.01
885 0.25
886 -1.30
887 -1.22
888 0.81
889 1.18
890 -2.15
891 -2.88
892 -2.32
893 -2.56
894 -1.01
895 -0.73
896 0.17
897 -0.67
898 -0.03
899 2.86
900 2.26
901 1.37
902 -0.30
903 0.01
904 0.78
905 0.78
906 -1.46
907 -2.04
908 -0.77
909 -0.52
910 -0.51
911 0.68
912 0.01
913 -0.39
914 2.09
915 3.24
916 2.81
917 0.58
918 -0.79
919 -0.33
920 0.82
921 1.67
922 -0.43
923 -0.31
924 -0.43
925 -0.62
926 -0.99
927 0.90
928 0.83
929 0.42
930 0.95
931 3.49
932 1.25
933 0.12
934 -0.99
935 -0.72
936 0.60
937 0.79
938 -0.58
939 -1.53
940 -1.47
941 -0.66
942 0.04
943 0.98
944 0.92
945 0.48
946 3.02
947 3.23
948 1.35
949 1.27
950 -0.69
951 -0.14
952 1.43
953 1.12
954 -0.72
955 -1.39
956 -0.90
957 -0.65
958 -0.17
959 -0.33
960 0.39
961 0.24
962 0.81
963 1.21
964 1.28
965 1.21
966 -0.72
967 0.00
968 0.74
969 2.01
970 -0.40
971 -1.17
972 -0.61
973 0.23
974 0.11
975 0.72
976 0.85
977 -0.33
978 1.96
979 1.90
980 2.74
981 0.61
982 -0.91
983 2.06
984 1.27
985 1.54
986 1.17
987 -0.44
988 -0.62
989 0.20
990 1.67
991 1.59
992 1.79
993 1.80
994 1.96
995 3.06
996 0.86
997 0.23
998 -0.71
999 1.15
1000 1.60
1001 -1.00
1002 -0.69
1003 -0.08
1004 -0.84
1005 0.41
1006 0.79
1007 0.93
1008 1.91
1009 0.79
1010 1.44
1011 1.97
1012 -1.13
1013 -0.19
1014 -0.50
1015 1.07
1016 0.36
1017 -2.03
1018 -1.46
1019 -1.21
1020 -1.40
1021 -0.66
1022 0.60
1023 0.02
1024 0.78
