1 0.00
2 -1.60
3 -2.10
4 0.31
5 0.28
6 0.16
7 -0.98
8 -0.90
9 2.26
10 1.94
11 2.55
12 3.53
13 1.29
14 0.57
15 0.10
16 -0.38
17 0.48
18 -1.73
19 -2.04
20 -1.77
21 -0.42
22 -0.13
23 -1.53
24 -1.06
25 2.52
26 2.20
27 1.56
28 2.07
29 1.30
30 -0.07
31 -0.29
32 -0.49
33 -0.89
34 -2.78
35 -2.10
36 -1.73
37 -0.75
38 -0.84
39 -0.26
40 -2.31
41 -1.48
42 1.61
43 2.26
44 2.54
45 1.51
46 0.30
47 -0.30
48 -0.24
49 -0.82
50 -2.25
51 -2.51
52 -1.39
53 -0.88
54 0.11
55 -1.32
56 -1.75
57 -1.78
58 2.68
59 3.44
60 3.86
61 1.62
62 1.82
63 0.34
64 0.16
65 -0.38
66 -1.73
67 -2.56
68 -1.41
69 -0.61
70 0.26
71 -0.48
72 -1.02
73 -0.85
74 3.85
75 3.33
76 2.97
77 2.72
78 1.41
79 0.95
80 0.63
81 0.13
82 -3.44
83 -3.59
84 -2.31
85 -1.43
86 0.02
87 0.01
88 -0.69
89 -1.10
90 2.75
91 2.05
92 4.26
93 2.12
94 1.19
95 0.03
96 0.22
97 -0.11
98 -2.72
99 -3.30
100 -2.53
101 -2.31
102 -0.71
103 -1.11
104 -0.27
105 -0.59
106 2.76
107 2.03
108 4.09
109 1.91
110 2.61
111 0.57
112 -0.25
113 -0.08
114 -3.12
115 -3.05
116 -2.12
117 -1.50
118 -0.20
119 -0.02
120 -0.27
121 -0.41
122 3.45
123 3.28
124 2.99
125 2.23
126 1.44
127 1.01
128 -0.05
129 -0.05
130 -5.14
131 -5.31
132 -5.41
133 -4.68
134 -2.41
135 -2.75
136 -2.26
137 -3.43
138 0.46
139 -0.60
140 -0.64
141 -1.01
142 -1.43
143 -2.06
144 -2.43
145 -2.01
146 -5.32
147 -6.57
148 -4.74
149 -4.10
150 -3.00
151 -2.39
152 -3.05
153 -2.67
154 -0.28
155 -1.88
156 -0.53
157 -2.20
158 -1.68
159 -1.66
160 -2.41
161 -2.32
162 -5.10
163 -4.83
164 0.00
165 -3.40
166 -1.95
167 -2.18
168 -3.09
169 -3.52
170 -0.38
171 -1.71
172 -1.41
173 -2.44
174 -1.85
175 -2.39
176 -2.95
177 -3.37
178 -5.83
179 -6.97
180 -3.94
181 -3.90
182 -2.65
183 -1.91
184 -3.20
185 -4.79
186 1.37
187 -0.51
188 -0.88
189 -1.15
190 -1.29
191 -1.56
192 -2.40
193 -2.35
194 -6.03
195 -6.03
196 -4.76
197 -4.17
198 -2.58
199 -2.46
200 -3.51
201 -4.20
202 -0.57
203 -1.20
204 -1.18
205 -1.38
206 -1.90
207 -2.24
208 -2.77
209 -3.11
210 -4.97
211 -5.21
212 -4.10
213 -2.88
214 -2.60
215 -4.16
216 -3.94
217 -4.27
218 -1.84
219 -1.60
220 -1.68
221 -2.24
222 -3.22
223 -3.47
224 -3.46
225 -3.15
226 -3.92
227 -5.30
228 -3.31
229 -2.94
230 -2.68
231 -4.36
232 -3.83
233 -1.22
234 -0.80
235 -1.04
236 -1.31
237 -2.55
238 -2.62
239 -2.82
240 -2.90
241 -3.10
242 -3.89
243 -4.33
244 -0.93
245 -2.07
246 -1.70
247 -3.00
248 -2.78
249 0.00
250 -0.89
251 -1.08
252 -1.35
253 -1.01
254 -1.62
255 -2.20
256 -2.86
257 -1.13
258 0.20
259 -1.12
260 1.94
261 2.09
262 0.33
263 -0.39
264 0.21
265 2.60
266 3.24
267 3.37
268 2.91
269 1.21
270 1.15
271 1.52
272 0.14
273 0.88
274 -1.28
275 -1.60
276 0.44
277 1.68
278 2.66
279 0.40
280 -1.24
281 3.81
282 1.50
283 1.74
284 0.73
285 1.85
286 1.07
287 1.04
288 0.33
289 -0.24
290 -1.96
291 -1.18
292 -1.87
293 1.34
294 1.32
295 0.76
296 -0.32
297 -1.23
298 0.90
299 0.85
300 1.48
301 1.06
302 1.44
303 0.02
304 0.06
305 0.50
306 -2.65
307 -1.62
308 -0.93
309 0.51
310 1.84
311 0.21
312 -0.38
313 -0.65
314 3.49
315 1.34
316 1.04
317 1.28
318 2.54
319 1.38
320 0.71
321 0.90
322 -1.91
323 -0.85
324 0.55
325 0.44
326 2.14
327 1.45
328 -0.07
329 -0.07
330 2.77
331 1.44
332 1.27
333 0.79
334 1.69
335 1.54
336 1.49
337 1.01
338 -3.92
339 -2.51
340 -0.09
341 0.12
342 2.75
343 1.65
344 -1.31
345 -1.63
346 2.09
347 0.91
348 2.20
349 0.17
350 0.44
351 0.46
352 1.15
353 0.67
354 -3.18
355 -3.33
356 -1.17
357 0.62
358 2.17
359 1.28
360 0.34
361 -1.46
362 2.26
363 1.26
364 2.10
365 0.40
366 1.38
367 1.05
368 0.51
369 0.72
370 -3.39
371 -2.77
372 -1.06
373 0.05
374 2.56
375 2.34
376 -0.40
377 0.23
378 2.46
379 2.76
380 2.09
381 0.90
382 1.69
383 1.38
384 0.39
385 0.54
386 -2.71
387 -2.11
388 -0.59
389 0.29
390 1.46
391 0.84
392 0.36
393 -1.70
394 1.13
395 0.82
396 1.00
397 1.74
398 1.13
399 -0.34
400 -0.98
401 -0.30
402 -4.01
403 -3.23
404 -0.95
405 -0.68
406 1.25
407 1.68
408 -0.37
409 -0.02
410 1.43
411 1.41
412 1.45
413 0.18
414 0.03
415 -0.46
416 -0.99
417 -0.34
418 -2.44
419 -1.98
420 -0.69
421 0.02
422 2.16
423 1.02
424 -0.31
425 -0.97
426 0.72
427 -0.08
428 0.65
429 0.32
430 0.52
431 -0.13
432 -1.05
433 -1.32
434 -2.62
435 -1.56
436 -0.71
437 -0.24
438 0.92
439 0.76
440 -1.67
441 -1.77
442 3.44
443 0.65
444 1.78
445 -0.43
446 -0.26
447 -0.22
448 -0.17
449 -0.74
450 -2.41
451 -0.97
452 -1.43
453 1.04
454 0.91
455 0.33
456 -1.23
457 -1.17
458 0.11
459 1.68
460 0.84
461 0.66
462 -0.13
463 -0.88
464 -0.62
465 -0.88
466 -0.88
467 -0.78
468 -0.53
469 0.48
470 1.54
471 -1.63
472 -1.96
473 -1.62
474 0.77
475 0.83
476 -0.39
477 -0.64
478 -1.74
479 -1.85
480 -2.26
481 -2.30
482 -1.65
483 -1.93
484 0.41
485 0.48
486 -0.52
487 -0.88
488 -1.99
489 2.35
490 0.87
491 -0.34
492 -0.38
493 -0.16
494 -1.10
495 -1.29
496 -1.70
497 -1.13
498 0.74
499 0.46
500 0.95
501 0.92
502 0.74
503 -0.66
504 1.13
505 2.54
506 0.95
507 1.22
508 0.50
509 -0.41
510 -0.48
511 -0.04
512 -1.07
513 0.46
514 0.81
515 -0.79
516 0.23
517 0.69
518 -0.27
519 -1.27
520 -1.51
521 1.58
522 2.73
523 1.60
524 1.59
525 1.29
526 0.32
527 -0.06
528 0.21
529 2.17
530 -0.05
531 -1.23
532 0.51
533 0.01
534 -0.49
535 -2.29
536 -1.24
537 2.32
538 1.19
539 1.46
540 1.85
541 0.48
542 0.43
543 -0.21
544 -0.55
545 0.56
546 -1.61
547 -1.88
548 -0.87
549 0.46
550 0.31
551 -1.41
552 -1.53
553 -2.27
554 1.37
555 1.08
556 1.50
557 0.15
558 0.02
559 -1.35
560 -0.94
561 0.88
562 -2.12
563 -0.90
564 -0.88
565 0.16
566 1.23
567 -1.24
568 -1.73
569 -2.62
570 1.49
571 2.50
572 2.15
573 1.55
574 1.61
575 0.31
576 0.49
577 0.19
578 -0.74
579 -1.60
580 -1.06
581 0.94
582 1.23
583 -0.51
584 -0.53
585 -0.09
586 3.26
587 2.64
588 2.51
589 1.85
590 0.97
591 0.78
592 -0.16
593 0.06
594 -1.63
595 -1.29
596 -1.23
597 0.22
598 1.17
599 0.54
600 -1.79
601 -1.27
602 2.49
603 1.40
604 2.87
605 0.99
606 0.84
607 -0.62
608 0.51
609 0.06
610 -1.00
611 -1.64
612 -1.18
613 -0.41
614 0.32
615 0.01
616 -0.16
617 -0.96
618 1.41
619 1.52
620 1.54
621 0.52
622 1.05
623 -0.13
624 -0.74
625 0.16
626 -1.69
627 -2.52
628 -0.44
629 0.03
630 1.64
631 0.96
632 -0.58
633 -0.82
634 1.55
635 1.26
636 1.15
637 1.59
638 2.28
639 -0.01
640 -0.30
641 -0.04
642 -1.76
643 -1.69
644 -0.44
645 -0.97
646 0.87
647 -0.32
648 -1.58
649 -1.73
650 2.46
651 2.22
652 1.50
653 0.45
654 1.40
655 0.21
656 -0.31
657 -0.12
658 -2.31
659 -2.58
660 -0.58
661 -1.12
662 0.73
663 0.62
664 -2.09
665 -1.59
666 2.16
667 0.32
668 1.66
669 0.08
670 0.33
671 -0.23
672 -0.81
673 -0.42
674 -1.08
675 -1.25
676 -0.24
677 -0.54
678 0.61
679 0.31
680 -0.99
681 -0.54
682 1.12
683 0.00
684 2.00
685 0.22
686 -0.25
687 -0.29
688 -1.48
689 -0.46
690 -2.97
691 -3.91
692 -2.04
693 -0.44
694 0.94
695 -1.11
696 -1.53
697 -2.91
698 2.02
699 1.92
700 2.31
701 1.80
702 1.06
703 0.35
704 -0.63
705 0.47
706 -0.98
707 -1.88
708 -0.25
709 0.25
710 0.44
711 -0.34
712 -1.21
713 -1.89
714 2.67
715 1.23
716 1.85
717 0.44
718 0.28
719 -0.24
720 -0.87
721 1.66
722 -0.97
723 -1.53
724 -0.26
725 0.25
726 1.24
727 -0.49
728 0.02
729 -1.35
730 1.18
731 1.42
732 0.48
733 0.84
734 -0.56
735 -1.25
736 -1.35
737 0.14
738 -0.36
739 -1.79
740 -0.26
741 -0.64
742 -0.70
743 -2.21
744 -1.16
745 1.56
746 4.04
747 0.77
748 0.21
749 1.38
750 -0.07
751 -0.51
752 -1.23
753 1.19
754 -0.37
755 -0.25
756 0.93
757 0.40
758 0.35
759 -1.08
760 -0.35
761 2.61
762 2.45
763 1.70
764 1.72
765 1.21
766 0.14
767 0.25
768 -0.23
769 2.38
770 -0.07
771 0.37
772 0.72
773 1.45
774 0.32
775 -0.87
776 -2.86
777 2.79
778 2.87
779 1.99
780 0.88
781 0.83
782 0.96
783 0.20
784 0.68
785 0.71
786 -0.99
787 -2.25
788 0.04
789 0.67
790 0.71
791 -1.71
792 -1.27
793 1.65
794 1.20
795 0.83
796 1.00
797 0.03
798 0.16
799 -0.63
800 0.01
801 -0.26
802 -1.79
803 -2.54
804 -1.64
805 0.37
806 0.31
807 -0.34
808 -2.95
809 -1.75
810 2.71
811 1.61
812 0.52
813 0.16
814 0.05
815 -0.75
816 -0.06
817 -0.28
818 -1.32
819 -2.22
820 -1.81
821 0.26
822 0.72
823 -1.37
824 -2.17
825 -2.21
826 1.71
827 1.56
828 1.54
829 0.11
830 1.31
831 0.04
832 0.55
833 0.28
834 -2.06
835 -0.32
836 -0.37
837 0.46
838 0.95
839 0.27
840 -1.93
841 -0.29
842 2.01
843 2.79
844 2.50
845 1.31
846 0.90
847 0.78
848 0.52
849 0.50
850 -1.20
851 -2.30
852 -0.93
853 -0.31
854 1.35
855 0.58
856 -1.29
857 -2.27
858 2.53
859 1.86
860 2.41
861 0.11
862 -0.26
863 -0.60
864 0.32
865 0.86
866 -1.46
867 -2.18
868 -1.82
869 -0.40
870 0.29
871 -0.28
872 -1.18
873 -2.24
874 3.16
875 2.39
876 1.92
877 2.15
878 0.72
879 0.58
880 -0.03
881 0.28
882 -2.60
883 -2.43
884 -1.63
885 -0.35
886 1.29
887 1.18
888 -1.67
889 -1.18
890 2.83
891 2.08
892 2.32
893 1.98
894 0.86
895 0.69
896 -0.23
897 0.56
898 -2.18
899 -2.86
900 -2.39
901 -1.48
902 0.24
903 -0.05
904 -1.15
905 -1.78
906 1.08
907 -0.32
908 0.28
909 0.15
910 0.24
911 -0.77
912 -0.11
913 -0.07
914 -3.48
915 -3.24
916 -2.81
917 -0.75
918 0.72
919 0.28
920 -1.33
921 -1.88
922 0.43
923 -0.70
924 -0.23
925 0.05
926 0.70
927 -1.04
928 -0.83
929 -0.76
930 -3.30
931 -3.64
932 -1.35
933 -0.75
934 0.94
935 0.67
936 -1.99
937 -0.92
938 0.25
939 0.27
940 0.77
941 -0.21
942 -0.13
943 -1.04
944 -0.92
945 -0.65
946 -3.52
947 -3.03
948 -1.49
949 -1.51
950 0.64
951 0.03
952 -1.83
953 -1.70
954 1.22
955 -0.12
956 0.18
957 0.29
958 0.03
959 0.27
960 -0.44
961 -0.24
962 -1.75
963 -2.07
964 -1.55
965 -1.67
966 37.50
967 -0.77
968 -1.51
969 -2.11
970 0.17
971 0.17
972 0.07
973 -0.60
974 -0.33
975 -0.77
976 -0.91
977 -0.52
978 0.00
979 -3.86
980 -2.42
981 -0.73
982 0.89
983 -2.73
984 -1.27
985 -2.06
986 -1.17
987 0.12
988 -0.18
989 -0.63
990 -1.80
991 -1.62
992 -1.81
993 -2.12
994 -2.48
995 -3.06
996 -1.05
997 -0.28
998 0.65
999 -1.55
1000 -2.17
1001 0.00
1002 -0.39
1003 -0.98
1004 0.23
1005 -1.03
1006 -0.86
1007 -0.97
1008 -2.19
1009 -1.44
1010 -1.87
1011 -2.83
1012 1.10
1013 0.14
1014 0.09
1015 -1.65
1016 -0.61
1017 1.28
1018 0.18
1019 0.47
1020 0.59
1021 0.40
1022 -0.65
1023 -0.12
1024 -1.05
