1 0.00
2 1.41
3 2.21
4 -0.28
5 -0.28
6 -0.20
7 1.19
8 1.03
9 -2.11
10 -1.43
11 -1.91
12 -2.56
13 -0.74
14 -0.46
15 0.01
16 0.62
17 -0.32
18 2.01
19 2.04
20 1.98
21 0.42
22 0.15
23 1.43
24 1.06
25 -2.43
26 -1.15
27 -0.96
28 -0.67
29 -0.70
30 0.30
31 0.32
32 0.58
33 0.99
34 2.84
35 2.07
36 1.84
37 0.78
38 0.84
39 0.26
40 2.72
41 1.15
42 -1.24
43 -1.97
44 -1.29
45 -0.90
46 -0.12
47 0.36
48 0.28
49 0.90
50 2.36
51 2.66
52 1.50
53 0.77
54 -0.11
55 1.28
56 1.88
57 1.78
58 -1.68
59 -2.38
60 -2.59
61 -0.89
62 -1.55
63 -0.29
64 -0.11
65 0.47
66 2.73
67 2.73
68 1.67
69 1.07
70 -0.19
71 0.50
72 1.18
73 0.99
74 -2.50
75 -2.36
76 -2.31
77 -1.89
78 -0.68
79 -0.85
80 -0.56
81 -0.07
82 3.63
83 3.44
84 2.50
85 1.26
86 0.01
87 0.00
88 0.85
89 1.46
90 -2.32
91 -1.29
92 -2.31
93 -0.96
94 -0.89
95 0.20
96 -0.14
97 0.20
98 2.81
99 3.32
100 2.53
101 2.25
102 0.71
103 1.11
104 0.47
105 0.72
106 -2.45
107 -1.84
108 -2.94
109 -1.28
110 -1.29
111 -0.31
112 0.28
113 0.12
114 3.73
115 3.24
116 2.29
117 1.62
118 0.33
119 0.03
120 0.55
121 0.59
122 -2.43
123 -2.30
124 -1.88
125 -1.16
126 -0.70
127 -0.78
128 0.07
129 0.11
130 4.33
131 4.70
132 4.46
133 3.85
134 2.03
135 2.73
136 1.86
137 2.77
138 -0.49
139 0.60
140 1.19
141 1.01
142 1.43
143 2.09
144 2.43
145 1.99
146 4.60
147 5.80
148 4.30
149 3.55
150 2.83
151 2.38
152 2.67
153 2.32
154 0.38
155 1.88
156 0.44
157 2.03
158 1.68
159 1.64
160 2.40
161 2.31
162 3.64
163 3.39
164 0.00
165 2.34
166 1.69
167 2.15
168 2.85
169 2.82
170 0.38
171 1.71
172 1.14
173 2.44
174 2.03
175 2.30
176 2.94
177 3.34
178 4.96
179 5.90
180 3.60
181 3.34
182 2.60
183 1.86
184 2.57
185 4.03
186 -0.83
187 0.76
188 1.38
189 1.35
190 1.69
191 1.62
192 2.44
193 2.38
194 4.43
195 4.86
196 3.86
197 3.21
198 2.57
199 2.39
200 3.05
201 3.60
202 0.57
203 1.12
204 1.18
205 1.00
206 1.81
207 2.21
208 2.77
209 3.11
210 3.68
211 4.07
212 3.28
213 2.22
214 2.57
215 2.92
216 2.84
217 3.05
218 1.35
219 0.84
220 1.13
221 2.00
222 3.05
223 3.45
224 3.43
225 3.09
226 2.80
227 4.07
228 2.73
229 2.87
230 2.65
231 3.65
232 2.99
233 0.64
234 0.82
235 0.93
236 1.31
237 2.55
238 2.57
239 2.82
240 2.90
241 3.10
242 2.85
243 3.60
244 0.78
245 2.04
246 1.35
247 2.11
248 1.86
249 0.00
250 1.12
251 0.71
252 1.69
253 1.01
254 1.58
255 2.20
256 2.86
257 1.02
258 -0.25
259 0.70
260 -1.98
261 -2.10
262 -0.66
263 0.04
264 -0.55
265 -2.72
266 -3.24
267 -3.37
268 -2.76
269 -1.31
270 -1.15
271 -1.52
272 -0.12
273 -0.96
274 1.17
275 1.15
276 -0.49
277 -1.69
278 -2.75
279 -1.05
280 0.35
281 -3.02
282 -1.38
283 -1.62
284 -0.34
285 -2.01
286 -1.00
287 -1.04
288 -0.32
289 0.18
290 1.46
291 0.30
292 1.21
293 -1.43
294 -1.35
295 -1.45
296 0.10
297 1.13
298 -0.90
299 -0.52
300 -1.88
301 -0.85
302 -1.44
303 -0.04
304 -0.04
305 -0.48
306 1.80
307 1.12
308 0.38
309 -0.88
310 -1.85
311 -0.82
312 -0.55
313 0.46
314 -2.93
315 -1.34
316 -0.75
317 -0.80
318 -2.02
319 -1.33
320 -0.69
321 -0.90
322 1.48
323 0.36
324 -0.78
325 -0.88
326 -2.15
327 -1.57
328 -0.20
329 -0.31
330 -2.46
331 -1.32
332 -0.72
333 -0.79
334 -1.69
335 -1.54
336 -1.49
337 -1.01
338 3.15
339 1.73
340 -0.11
341 -0.75
342 -2.75
343 -1.74
344 1.17
345 1.52
346 -1.57
347 -0.71
348 -1.81
349 0.04
350 -0.26
351 -0.46
352 -1.12
353 -0.62
354 2.60
355 1.92
356 0.15
357 -1.26
358 -2.18
359 -1.31
360 -0.34
361 0.37
362 -2.11
363 -1.10
364 -1.38
365 -0.24
366 -1.06
367 -1.05
368 -0.46
369 -0.72
370 2.64
371 2.06
372 0.31
373 -0.42
374 -2.57
375 -2.41
376 -0.21
377 -0.53
378 -1.98
379 -2.08
380 -1.90
381 -0.90
382 -1.55
383 -1.38
384 -0.39
385 -0.54
386 2.93
387 2.32
388 0.76
389 -0.27
390 -1.45
391 -0.78
392 -0.21
393 1.18
394 -0.32
395 -0.27
396 -0.43
397 -0.86
398 -0.06
399 0.47
400 1.03
401 0.33
402 3.64
403 3.20
404 1.32
405 0.73
406 -1.24
407 -1.70
408 0.19
409 -0.07
410 -0.83
411 -1.12
412 -0.46
413 0.32
414 0.35
415 0.46
416 1.10
417 0.39
418 2.03
419 1.83
420 0.15
421 -0.48
422 -2.16
423 -1.09
424 0.31
425 1.14
426 0.02
427 0.45
428 0.82
429 -0.16
430 0.77
431 0.36
432 1.09
433 1.38
434 2.77
435 2.53
436 0.71
437 0.09
438 -0.91
439 -0.66
440 2.08
441 1.77
442 -2.38
443 -0.04
444 -1.46
445 0.58
446 0.43
447 0.35
448 0.19
449 0.79
450 2.41
451 0.97
452 1.43
453 -1.00
454 -0.89
455 -0.01
456 1.43
457 1.41
458 0.16
459 -1.06
460 -0.52
461 -0.66
462 0.43
463 0.91
464 0.64
465 0.88
466 1.34
467 0.78
468 0.68
469 -0.48
470 -1.54
471 1.04
472 1.96
473 1.62
474 -0.77
475 -0.59
476 0.30
477 0.64
478 1.66
479 1.85
480 2.24
481 2.36
482 1.83
483 1.74
484 -0.39
485 -0.48
486 0.40
487 1.01
488 1.90
489 -2.00
490 0.27
491 0.34
492 0.80
493 0.30
494 1.16
495 1.34
496 1.70
497 1.42
498 -0.36
499 -0.40
500 -0.94
501 -0.89
502 -0.49
503 0.66
504 -0.22
505 -2.11
506 -0.47
507 -0.58
508 -0.02
509 0.41
510 0.55
511 0.06
512 1.15
513 -0.42
514 -0.51
515 0.79
516 -0.22
517 -0.73
518 0.19
519 1.27
520 1.42
521 -1.24
522 -2.49
523 -1.54
524 -1.25
525 -0.91
526 -0.18
527 0.07
528 -0.05
529 -2.17
530 0.29
531 1.32
532 -0.50
533 -0.01
534 0.49
535 1.90
536 1.24
537 -2.22
538 -0.84
539 -0.93
540 -1.63
541 -0.10
542 -0.30
543 0.22
544 0.58
545 -0.40
546 2.05
547 1.97
548 0.82
549 -0.46
550 -0.31
551 1.32
552 1.71
553 2.41
554 -1.20
555 -0.92
556 -1.07
557 -0.33
558 0.24
559 1.35
560 0.96
561 -0.66
562 1.89
563 0.55
564 0.80
565 -0.19
566 -1.22
567 1.17
568 1.73
569 2.62
570 -1.25
571 -1.96
572 -1.62
573 -1.00
574 -1.61
575 -0.22
576 -0.45
577 0.02
578 1.14
579 2.07
580 1.06
581 -0.47
582 -1.21
583 0.61
584 0.85
585 0.43
586 -2.42
587 -1.48
588 -0.75
589 -1.37
590 -0.88
591 -0.53
592 0.19
593 0.15
594 1.63
595 1.40
596 1.67
597 -0.13
598 -1.16
599 -0.66
600 1.93
601 1.35
602 -2.25
603 -0.87
604 -2.27
605 -0.61
606 -0.76
607 0.68
608 -0.47
609 0.13
610 0.94
611 1.76
612 0.97
613 0.10
614 -0.32
615 -0.06
616 0.16
617 0.86
618 -0.72
619 -1.08
620 -1.19
621 -0.21
622 -0.97
623 0.19
624 0.80
625 0.09
626 1.71
627 2.26
628 0.34
629 -0.20
630 -1.61
631 -0.98
632 0.58
633 0.98
634 -1.23
635 -1.06
636 -0.34
637 -1.59
638 -2.03
639 0.04
640 0.31
641 0.08
642 1.64
643 1.05
644 0.46
645 0.52
646 -0.87
647 0.29
648 1.31
649 1.08
650 -2.46
651 -1.89
652 -0.73
653 -0.45
654 -1.11
655 -0.16
656 0.30
657 0.23
658 2.39
659 1.73
660 0.44
661 1.04
662 -0.74
663 -0.63
664 2.00
665 1.37
666 -2.01
667 -0.32
668 -0.99
669 0.63
670 -0.12
671 0.23
672 0.87
673 0.42
674 0.34
675 1.04
676 -0.05
677 0.13
678 -0.61
679 -0.40
680 0.56
681 0.53
682 -1.03
683 0.00
684 -1.23
685 0.33
686 0.74
687 0.38
688 1.53
689 0.60
690 3.12
691 3.35
692 1.71
693 0.29
694 -0.94
695 0.96
696 1.30
697 2.65
698 -1.64
699 -1.37
700 -1.43
701 -1.69
702 -0.79
703 -0.28
704 0.70
705 -0.32
706 1.48
707 2.13
708 0.65
709 -0.23
710 -0.42
711 0.34
712 1.79
713 1.89
714 -2.12
715 -0.82
716 -1.20
717 -0.19
718 -0.13
719 0.33
720 0.94
721 -1.42
722 1.92
723 1.66
724 0.82
725 -0.24
726 -1.21
727 0.24
728 0.33
729 1.74
730 -0.89
731 -1.42
732 -0.17
733 -0.84
734 0.74
735 1.28
736 1.35
737 0.37
738 0.62
739 2.52
740 0.31
741 0.65
742 0.79
743 2.21
744 1.34
745 -1.27
746 -2.81
747 -0.51
748 0.19
749 -0.83
750 0.23
751 0.51
752 1.32
753 -1.19
754 0.37
755 0.25
756 -0.93
757 -0.39
758 -0.13
759 1.24
760 0.50
761 -2.61
762 -1.88
763 -1.18
764 -1.35
765 -0.96
766 -0.11
767 -0.20
768 0.32
769 -2.60
770 -0.18
771 -0.76
772 -0.75
773 -1.48
774 -0.58
775 0.53
776 2.31
777 -2.94
778 -2.69
779 -1.99
780 -0.88
781 -0.89
782 -0.96
783 -0.22
784 -0.86
785 -0.71
786 0.04
787 1.63
788 -0.29
789 -0.68
790 -0.94
791 0.61
792 0.72
793 -1.74
794 -1.20
795 -1.23
796 -1.00
797 -0.03
798 -0.16
799 0.60
800 -0.01
801 0.26
802 1.50
803 1.84
804 0.92
805 -0.41
806 -0.33
807 -0.99
808 1.66
809 1.14
810 -2.71
811 -1.90
812 -0.65
813 -0.34
814 -0.08
815 0.75
816 0.06
817 0.28
818 0.42
819 1.32
820 0.69
821 -0.38
822 -0.74
823 0.82
824 1.23
825 1.81
826 -1.28
827 -1.56
828 -1.54
829 -0.18
830 -1.28
831 -0.04
832 -0.55
833 -0.12
834 1.73
835 0.32
836 0.15
837 -0.67
838 -0.95
839 -0.41
840 1.44
841 0.02
842 -1.74
843 -2.21
844 -2.18
845 -1.31
846 -0.90
847 -0.78
848 -0.49
849 -0.50
850 0.81
851 1.58
852 0.76
853 0.06
854 -1.38
855 -0.61
856 1.20
857 1.63
858 -2.64
859 -1.86
860 -2.08
861 -0.29
862 0.26
863 0.60
864 -0.34
865 -0.75
866 0.39
867 1.50
868 1.32
869 -0.34
870 -0.32
871 0.23
872 0.63
873 1.03
874 -2.35
875 -2.30
876 -1.92
877 -2.36
878 -0.72
879 -0.60
880 0.03
881 -0.40
882 2.07
883 1.85
884 1.44
885 0.03
886 -1.31
887 -1.21
888 0.92
889 0.66
890 -2.63
891 -2.08
892 -2.20
893 -2.01
894 -0.86
895 -0.69
896 0.27
897 -0.67
898 0.42
899 2.01
900 0.38
901 -0.26
902 -0.43
903 0.01
904 0.69
905 0.05
906 -2.10
907 -1.35
908 -0.77
909 -0.39
910 -0.45
911 0.69
912 -0.01
913 -0.39
914 2.20
915 2.62
916 1.99
917 -0.27
918 -0.82
919 -0.32
920 0.82
921 1.26
922 -1.14
923 -0.31
924 -0.43
925 -0.62
926 -0.94
927 0.95
928 0.78
929 0.42
930 0.61
931 2.31
932 -0.09
933 -0.63
934 -1.01
935 -0.72
936 0.60
937 0.39
938 -0.86
939 -1.28
940 -1.21
941 -0.50
942 0.04
943 0.98
944 0.90
945 0.48
946 2.85
947 2.17
948 0.66
949 1.04
950 -0.73
951 -0.14
952 1.40
953 0.72
954 -1.60
955 -0.76
956 -0.90
957 -0.65
958 -0.17
959 -0.33
960 0.39
961 0.24
962 0.56
963 0.45
964 1.03
965 0.26
966 -0.73
967 0.42
968 0.33
969 1.40
970 -1.11
971 -0.88
972 -0.61
973 0.39
974 0.11
975 0.72
976 0.82
977 -0.33
978 1.47
979 1.44
980 1.30
981 0.37
982 -0.92
983 2.08
984 0.59
985 1.11
986 0.25
987 -0.58
988 0.04
989 0.15
990 1.67
991 1.55
992 1.79
993 1.80
994 0.91
995 2.09
996 0.30
997 0.20
998 -0.72
999 1.15
1000 1.32
1001 -1.59
1002 -0.69
1003 -0.08
1004 -1.02
1005 0.41
1006 0.68
1007 0.92
1008 1.91
1009 0.62
1010 0.84
1011 1.01
1012 -1.32
1013 -0.18
1014 -0.55
1015 0.88
1016 0.36
1017 -2.71
1018 -1.15
1019 -1.21
1020 -1.32
1021 -0.55
1022 0.61
1023 0.02
1024 0.78
