1 -1.175511
2 -1.589172
3 -1.572094
4 -0.630448
5 -1.290855
6 -2.195561
7 -1.718485
8 -1.432875
9 -1.546883
10 -1.013389
11 -1.323016
12 -0.737171
13 -1.214543
14 -1.771651
15 -1.432045
16 -1.233147
17 -1.662927
18 -1.173455
19 -1.811063
20 -0.996424
21 -2.162186
22 -0.903007
23 -1.664326
24 -0.852376
25 -1.416895
26 -0.720261
27 -1.335623
28 -0.255110
29 -0.797252
30 -0.653246
31 -2.747923
32 -0.841800
33 -0.989020
34 -0.884209
35 -1.760381
36 -0.681546
37 -1.532284
38 -1.210964
39 -2.643035
40 -1.033926
41 -1.353457
42 -0.984742
43 -0.995085
44 -0.983508
45 -1.347419
46 -0.980301
47 -1.348105
48 -1.186173
49 -1.571023
50 -1.567088
51 -1.405484
52 -0.842754
53 -1.924655
54 -1.214703
55 -1.644069
56 -1.627536
57 -2.001915
58 -1.375508
59 -1.968212
60 -1.670210
61 -1.792741
62 -1.155908
63 -2.029877
64 -1.267419
65 -2.674439
66 -1.750967
67 -2.023612
68 -1.861853
69 -2.376335
70 -1.742359
71 -2.056846
72 -1.684133
73 -2.219658
74 -1.407235
75 -1.201028
76 -1.098788
77 -1.563684
78 -1.821792
79 -2.269689
80 -1.372383
81 -1.818928
82 -1.020931
83 -2.338711
84 -0.822292
85 -1.338185
86 -1.425262
87 -2.172877
88 -2.295050
89 -1.185123
90 -1.413538
91 -1.592374
92 -1.491843
93 -0.708468
94 -1.838960
95 -1.667133
96 -1.164901
97 -1.352459
98 -1.325804
99 -1.548542
100 -0.889789
101 -1.706901
102 -1.488399
103 -1.980856
104 -1.293096
105 -1.725207
106 -1.485135
107 -1.278488
108 -1.175403
109 -1.366043
110 -1.229209
111 -2.846287
112 -1.464027
113 -1.969296
114 -1.637966
115 -1.479080
116 -1.415983
117 -1.760207
118 -1.821846
119 -2.504214
120 -2.288127
121 -2.478784
122 -2.279257
123 -2.648304
124 -1.855587
125 -2.215751
126 -1.880999
127 -2.363196
128 -1.770163
129 0.009536
130 0.181238
131 -0.233229
132 1.162034
133 0.633556
134 -0.694990
135 -0.065153
136 0.623325
137 0.673365
138 0.862616
139 0.242149
140 1.221223
141 0.984879
142 0.791135
143 1.056510
144 0.927023
145 0.330386
146 1.268656
147 0.297254
148 0.786390
149 -0.441946
150 1.111553
151 0.220016
152 1.115830
153 0.501491
154 1.285245
155 0.829413
156 1.211982
157 1.386336
158 1.279533
159 0.224813
160 1.625086
161 1.262411
162 1.753385
163 0.841987
164 1.461400
165 0.492914
166 1.193676
167 -0.251036
168 1.207271
169 1.231243
170 1.181773
171 0.933890
172 0.895863
173 0.325388
174 1.327048
175 1.035616
176 0.976759
177 0.825197
178 0.728092
179 0.539937
180 1.210697
181 0.356602
182 0.773869
183 0.712185
184 0.328051
185 -0.367713
186 0.527983
187 0.113144
188 0.140373
189 0.189244
190 0.151037
191 0.093764
192 0.637899
193 1.043837
194 1.759303
195 1.249766
196 1.181822
197 0.427594
198 1.268127
199 1.107311
200 1.705836
201 1.116118
202 1.674571
203 1.654063
204 2.179462
205 1.747686
206 1.611919
207 0.978920
208 1.177769
209 1.319577
210 1.770017
211 0.684010
212 2.124296
213 1.655632
214 2.415859
215 1.214538
216 1.103215
217 1.599758
218 1.849715
219 2.011970
220 1.730455
221 2.138352
222 1.629362
223 1.388174
224 1.875463
225 1.493873
226 1.727737
227 0.983156
228 2.628618
229 1.096450
230 1.498265
231 0.699704
232 2.021820
233 0.700854
234 1.444973
235 1.401596
236 1.988857
237 1.380982
238 1.566377
239 0.248566
240 1.423207
241 0.940964
242 1.312702
243 1.344006
244 1.166078
245 1.012941
246 1.102791
247 0.410243
248 0.646973
249 0.735491
250 0.868708
251 0.534081
252 0.954288
253 1.368141
254 1.036120
255 0.925687
256 1.685010
257 -0.576681
258 -0.196117
259 -0.064545
260 0.322369
261 0.177593
262 -0.605867
263 0.037614
264 -0.008892
265 0.326902
266 0.832555
267 0.180495
268 1.128777
269 1.003975
270 0.449719
271 0.799846
272 0.835500
273 -0.871055
274 0.103788
275 -0.355282
276 0.101081
277 -0.301900
278 0.085632
279 -0.211823
280 0.513316
281 -0.609992
282 0.578531
283 -0.038207
284 1.026919
285 -0.066239
286 0.882452
287 -0.285420
288 1.430465
289 0.919256
290 0.824661
291 0.185252
292 0.753107
293 0.345158
294 0.802969
295 -0.498518
296 -0.119386
297 0.843631
298 0.566406
299 0.185871
300 0.028332
301 0.826364
302 0.070736
303 0.047399
304 -0.078127
305 0.200507
306 0.098848
307 0.303653
308 0.877043
309 -0.084732
310 0.339436
311 0.156109
312 0.147400
313 -0.212072
314 0.011345
315 -0.323258
316 -0.138601
317 -0.623992
318 0.090134
319 -0.572160
320 0.012473
321 -0.802056
322 -0.094153
323 -0.123459
324 0.264599
325 -0.617302
326 0.469140
327 -0.589884
328 0.165899
329 0.023588
330 0.406030
331 0.212852
332 1.275446
333 0.961069
334 0.939370
335 -0.443277
336 0.889212
337 0.607813
338 0.890265
339 -0.252988
340 0.904716
341 -0.006191
342 1.032939
343 -0.344573
344 0.053159
345 -0.322142
346 0.179006
347 -0.087572
348 0.728286
349 0.612079
350 0.538841
351 -0.388720
352 -0.192292
353 -0.197310
354 0.740677
355 0.445566
356 0.886200
357 -0.365269
358 0.681719
359 -0.930946
360 0.605000
361 -1.036667
362 0.062823
363 -0.399149
364 0.619037
365 -0.346085
366 -0.231144
367 -1.101126
368 -0.335246
369 0.205793
370 1.142774
371 0.412690
372 0.410609
373 -0.030319
374 0.430752
375 -0.122804
376 -0.280112
377 -0.604645
378 -0.464546
379 0.090915
380 0.288398
381 0.263434
382 0.290792
383 -0.225727
384 0.165809
385 -1.386491
386 -1.368437
387 -2.241337
388 -1.077808
389 -1.757393
390 -2.722659
391 -1.602167
392 -1.087366
393 -1.513749
394 -1.021537
395 -1.613268
396 -1.175854
397 -1.005457
398 -1.351808
399 -1.174159
400 -1.003377
401 -1.238767
402 -1.172415
403 -1.788666
404 -0.941195
405 -1.788024
406 -1.253354
407 -1.319424
408 -1.158027
409 -1.163763
410 -0.935312
411 -1.274326
412 -0.577596
413 -0.222436
414 -0.518302
415 -1.140399
416 -0.712043
417 -1.283448
418 -0.568608
419 -1.146020
420 -0.375447
421 -1.311585
422 -1.238605
423 -1.776729
424 -1.349680
425 -0.919561
426 -1.382939
427 -1.501751
428 -1.141018
429 -1.704487
430 -1.387561
431 -1.537245
432 -1.360486
433 -1.482816
434 -1.388902
435 -1.560191
436 -0.963670
437 -1.536914
438 -1.529369
439 -2.143402
440 -1.804607
441 -1.894481
442 -1.690806
443 -2.202812
444 -1.818493
445 -1.196404
446 -1.288336
447 -2.218500
448 -1.892051
449 -1.683115
450 -1.471360
451 -1.684836
452 -1.894318
453 -2.523488
454 -1.847056
455 -1.746428
456 -1.994376
457 -1.832341
458 -1.921944
459 -1.657803
460 -1.303014
461 -1.776761
462 -1.991453
463 -1.805026
464 -1.673922
465 -1.832045
466 -1.386176
467 -2.183579
468 -1.133381
469 -1.399228
470 -0.689985
471 -1.772978
472 -1.358723
473 -0.750769
474 -0.737081
475 -0.611642
476 -0.116702
477 0.139972
478 -0.253052
479 -0.187492
480 -0.484561
481 -1.067601
482 -1.120698
483 -1.051863
484 -1.275989
485 -0.893141
486 -1.628011
487 -0.858032
488 -0.853975
489 -1.328172
490 -0.884646
491 -0.714573
492 -0.832980
493 -0.294598
494 -0.943235
495 -1.335914
496 -1.016075
497 -2.341350
498 -1.393575
499 -1.721925
500 -1.385371
501 -2.189061
502 -1.444918
503 -2.469506
504 -2.274995
505 -2.377655
506 -2.004563
507 -2.524692
508 -2.163674
509 -2.011887
510 -1.344489
511 -1.869621
512 -0.591021
513 -1.301312
514 -1.334248
515 -1.191242
516 -0.631525
517 -1.315388
518 -1.253792
519 -0.915808
520 -1.331795
521 -1.643563
522 -0.525819
523 -1.400030
524 -0.942247
525 -1.344252
526 0.041669
527 -1.420326
528 -0.912497
529 -2.092545
530 -0.568879
531 -1.733033
532 -0.471768
533 -1.594879
534 -0.074827
535 -1.767437
536 -0.550760
537 -1.190268
538 -0.390752
539 -1.529117
540 -0.313066
541 -0.723159
542 0.069547
543 -2.170920
544 -0.143752
545 -1.509672
546 -1.419116
547 -0.569808
548 -0.179247
549 -1.167316
550 -0.978163
551 -1.347297
552 -0.839098
553 -1.263872
554 -1.131452
555 -1.328983
556 -0.672736
557 -0.702295
558 -1.185612
559 -1.628465
560 -1.714870
561 -1.151995
562 -1.197598
563 -0.700229
564 -0.722030
565 -1.764112
566 -0.918161
567 -1.483722
568 -1.354875
569 -1.950025
570 -0.957509
571 -1.606765
572 -1.395947
573 -1.931897
574 -1.130634
575 -1.697540
576 -1.471208
577 -2.246194
578 -2.128369
579 -1.497316
580 -2.364631
581 -2.325324
582 -2.052745
583 -1.851040
584 -1.953300
585 -1.688641
586 -1.825300
587 -1.321655
588 -0.897810
589 -1.594455
590 -1.363350
591 -2.048404
592 -2.077849
593 -1.528292
594 -1.358296
595 -2.415747
596 -1.160532
597 -1.611976
598 -0.782156
599 -2.176626
600 -2.164357
601 -1.291198
602 -1.256804
603 -1.523622
604 -0.821942
605 -1.009146
606 -0.797311
607 -1.359659
608 -0.723334
609 -1.025855
610 -1.755725
611 -0.765056
612 -0.228117
613 -1.288161
614 -0.581891
615 -1.270105
616 -0.430478
617 -1.340622
618 -0.681310
619 -1.010014
620 0.062257
621 -0.797591
622 -0.757444
623 -1.230222
624 -0.700996
625 -1.301679
626 -1.005852
627 -1.190147
628 -0.829463
629 -1.517221
630 -0.929055
631 -1.805152
632 -1.891295
633 -1.663256
634 -1.269689
635 -1.824991
636 -1.030250
637 -1.375768
638 -0.626042
639 -1.445175
640 -0.888428
641 -0.924513
642 -0.283722
643 -0.841513
644 -0.091830
645 -0.940295
646 -0.494723
647 -0.677466
648 -0.260303
649 -1.185503
650 -0.769430
651 -0.651596
652 -0.400687
653 -0.356302
654 0.020523
655 -0.640773
656 -0.085032
657 -1.263027
658 -0.079667
659 -1.112915
660 -0.146053
661 -0.694531
662 -0.405957
663 -1.274073
664 0.131895
665 -0.615294
666 0.336177
667 -1.216967
668 0.353646
669 -0.074556
670 0.843557
671 -1.554602
672 0.391554
673 -0.070377
674 -0.451286
675 -0.612495
676 0.386763
677 -0.416896
678 -0.214373
679 -0.817258
680 -0.345298
681 -1.044537
682 -0.271499
683 -1.016121
684 -0.715183
685 -1.054003
686 -0.393331
687 -0.904385
688 -0.779047
689 -0.432900
690 -0.625812
691 -0.742147
692 -0.156424
693 -1.031837
694 -0.544628
695 -1.094278
696 -0.562879
697 -0.643431
698 -0.553605
699 -1.254399
700 -0.662241
701 -0.897904
702 -0.976094
703 -1.864127
704 -0.955114
705 -2.215575
706 -1.663402
707 -2.019615
708 -1.239191
709 -2.682391
710 -1.815622
711 -2.954404
712 -1.966321
713 -2.716307
714 -1.575006
715 -1.783321
716 -1.016687
717 -1.734261
718 -1.569045
719 -1.895102
720 -1.115373
721 -2.602511
722 -1.672849
723 -3.093989
724 -1.454425
725 -1.951439
726 -0.913105
727 -2.349882
728 -2.331936
729 -2.103251
730 -1.548101
731 -2.052326
732 -1.445573
733 -1.268035
734 -1.237626
735 -1.420036
736 -1.507214
737 -1.863109
738 -2.728005
739 -1.478354
740 -1.113312
741 -1.688490
742 -1.529992
743 -1.923570
744 -1.592445
745 -1.694083
746 -1.425362
747 -1.861134
748 -1.208460
749 -1.554717
750 -1.454323
751 -1.432355
752 -0.749226
753 -1.532893
754 -1.351561
755 -1.113596
756 -1.405178
757 -1.867418
758 -1.789889
759 -1.761509
760 -1.915917
761 -1.740706
762 -1.838456
763 -1.897634
764 -2.045387
765 -1.285126
766 -0.952179
767 -1.337958
768 -1.016036
769 0.311769
770 1.138498
771 0.845479
772 1.307946
773 1.281274
774 0.930221
775 1.053493
776 1.403719
777 0.230939
778 1.198501
779 1.202839
780 1.824310
781 1.219369
782 1.881984
783 0.982395
784 1.863441
785 0.991246
786 1.933137
787 0.966581
788 1.876834
789 0.501000
790 2.028455
791 0.653382
792 1.529023
793 1.306685
794 2.339038
795 0.928833
796 2.260001
797 1.712914
798 3.033193
799 1.229357
800 2.332474
801 1.293460
802 1.942513
803 2.000803
804 2.595170
805 1.359699
806 1.588532
807 1.099977
808 1.418613
809 1.029031
810 1.438930
811 1.229675
812 1.008697
813 1.264391
814 1.272937
815 1.192515
816 1.108316
817 1.456614
818 1.317336
819 1.356851
820 1.397863
821 0.238918
822 1.837912
823 0.920498
824 0.931442
825 0.214397
826 1.273248
827 1.033992
828 1.162315
829 0.359780
830 1.148368
831 0.257392
832 0.384023
833 0.044558
834 -0.839814
835 0.088959
836 0.119645
837 -0.062894
838 -0.061788
839 -0.057012
840 0.148923
841 0.160692
842 0.358553
843 0.314206
844 0.975639
845 1.069506
846 0.274778
847 0.230224
848 0.012393
849 0.205540
850 0.996041
851 -0.656952
852 0.990278
853 0.431031
854 1.491241
855 0.107094
856 0.109001
857 0.752880
858 1.435505
859 0.152325
860 1.356364
861 0.829657
862 1.170677
863 0.836245
864 0.457757
865 0.784005
866 0.633833
867 0.578173
868 1.319957
869 0.803359
870 0.916251
871 0.843618
872 1.187224
873 0.236632
874 0.255733
875 1.234212
876 1.315897
877 0.817022
878 0.833826
879 1.044224
880 1.173108
881 0.308441
882 0.787667
883 0.490080
884 1.244186
885 0.904390
886 0.940368
887 0.107527
888 0.390836
889 -0.470697
890 0.915132
891 0.047623
892 0.081704
893 0.401169
894 0.847215
895 0.421179
896 1.115987
897 2.288341
898 3.178024
899 2.970530
900 3.268725
901 2.682662
902 3.282574
903 3.032723
904 3.403171
905 2.916782
906 3.500136
907 3.160366
908 3.674547
909 3.298333
910 3.880033
911 2.959746
912 3.972309
913 2.858286
914 3.246197
915 2.549695
916 3.123040
917 2.351423
918 3.237624
919 2.934025
920 3.759431
921 3.037497
922 4.072771
923 3.097832
924 3.982120
925 3.586956
926 4.214040
927 1.463177
928 3.839591
929 3.900602
930 3.326695
931 3.496341
932 3.809605
933 3.078087
934 3.526589
935 3.150428
936 3.630758
937 3.388778
938 3.011028
939 2.778557
940 3.394917
941 3.264110
942 3.142425
943 2.726689
944 2.694556
945 3.341092
946 3.097278
947 3.251713
948 3.201605
949 2.789442
950 2.952939
951 3.079444
952 3.277936
953 2.274648
954 3.059704
955 2.689880
956 2.469961
957 2.557651
958 2.537622
959 2.167078
960 2.190116
961 2.427810
962 3.125141
963 3.313295
964 3.269350
965 -47.352581
966 3.033465
967 2.692480
968 3.236983
969 3.088344
970 2.978650
971 3.218059
972 3.803080
973 3.499967
974 3.225908
975 3.079466
976 3.316843
977 -47.352581
978 3.437843
979 2.310367
980 3.566059
981 3.186500
982 4.093620
983 2.478509
984 3.547236
985 2.999721
986 3.521310
987 2.482874
988 3.950408
989 3.536226
990 3.993236
991 2.335080
992 3.996054
993 3.270349
994 3.061591
995 3.346500
996 3.846544
997 3.190889
998 3.304860
999 3.597210
1000 3.952885
1001 3.735517
1002 3.698403
1003 3.444100
1004 4.011335
1005 3.503344
1006 3.406899
1007 3.431804
1008 3.920877
1009 3.262722
1010 3.626317
1011 3.308269
1012 3.362448
1013 3.267427
1014 3.090168
1015 3.123606
1016 3.657078
1017 3.066082
1018 3.465565
1019 2.984706
1020 3.047755
1021 3.419468
1022 3.749909
1023 3.237957
1024 3.405273
