1 -47.519721
2 -47.893505
3 -47.821977
4 -47.603807
5 -47.820871
6 -47.955189
7 -48.023151
8 -47.570382
9 -47.453252
10 -46.893922
11 -46.853162
12 -47.043028
13 -46.926583
14 -47.942296
15 -47.627138
16 -46.764093
17 -47.554096
18 -46.598690
19 -47.725572
20 -46.655264
21 -47.412685
22 -46.699650
23 -46.924104
24 -46.478841
25 -46.961509
26 -46.925196
27 -47.128926
28 -45.497416
29 -46.826586
30 -45.900923
31 -47.514292
32 -46.370210
33 -46.668303
34 -47.059867
35 -47.136903
36 -46.240370
37 -47.205824
38 -47.153949
39 -47.780217
40 -46.955120
41 -47.413518
42 -47.278512
43 -46.794305
44 -47.653397
45 -47.720149
46 -47.534346
47 -47.351133
48 -47.510937
49 -47.515190
50 -47.817749
51 -47.484174
52 -46.813408
53 -47.570891
54 -47.722341
55 -47.764903
56 -48.322554
57 -48.413605
58 -47.606242
59 -48.851913
60 -47.933143
61 -48.272960
62 -48.074150
63 -48.891400
64 -47.967124
65 -48.754593
66 -47.842787
67 -48.439035
68 -47.953752
69 -48.404048
70 -48.014691
71 -48.123819
72 -47.217912
73 -48.246391
74 -47.374514
75 -47.275795
76 -46.796626
77 -47.549892
78 -47.511959
79 -47.541055
80 -46.839475
81 -47.580779
82 -46.856526
83 -48.359800
84 -47.277950
85 -46.748087
86 -46.905604
87 -47.625057
88 -47.654582
89 -46.860737
90 -47.835123
91 -47.095393
92 -46.899320
93 -47.068672
94 -47.360406
95 -47.686371
96 -47.463251
97 -47.001387
98 -46.908009
99 -47.230405
100 -47.419285
101 -47.609425
102 -47.716100
103 -47.673835
104 -47.116675
105 -47.640912
106 -47.938831
107 -47.644602
108 -48.125684
109 -48.159485
110 -47.902847
111 -49.050434
112 -48.259150
113 -47.485349
114 -47.513761
115 -47.610828
116 -48.174775
117 -48.627403
118 -48.147195
119 -49.577018
120 -48.801418
121 -48.666718
122 -48.400947
123 -48.926324
124 -49.086292
125 -48.591420
126 -48.668020
127 -48.734480
128 -48.086896
129 -46.500822
130 -46.447344
131 -47.072613
132 -45.343503
133 -45.806406
134 -47.001784
135 -46.491305
136 -46.017840
137 -45.376041
138 -45.673411
139 -46.254331
140 -45.166691
141 -45.187259
142 -45.433120
143 -45.495784
144 -45.003686
145 -46.092914
146 -44.470421
147 -45.796368
148 -45.152928
149 -45.762954
150 -44.940091
151 -45.485939
152 -44.711458
153 -44.868130
154 -44.628471
155 -45.110269
156 -44.342949
157 -44.900443
158 -44.280052
159 -45.147267
160 -44.542442
161 -45.337635
162 -44.941476
163 -44.767263
164 -44.987592
165 -45.672522
166 -44.787040
167 -45.793072
168 -45.349272
169 -45.433112
170 -45.403105
171 -45.762755
172 -45.521454
173 -46.056417
174 -45.613825
175 -45.840729
176 -46.188939
177 -45.787841
178 -46.216101
179 -45.658664
180 -45.728192
181 -46.092102
182 -45.537968
183 -46.300897
184 -46.416798
185 -46.261772
186 -46.208116
187 -47.160416
188 -46.471360
189 -46.639856
190 -46.244346
191 -46.373894
192 -45.347353
193 -45.150889
194 -44.591533
195 -44.434187
196 -44.899780
197 -44.904861
198 -44.075591
199 -44.917851
200 -44.361760
201 -44.557228
202 -43.901110
203 -44.022844
204 -43.432724
205 -43.792906
206 -44.490773
207 -44.288891
208 -44.434374
209 -44.135849
210 -43.826872
211 -44.784886
212 -43.765142
213 -44.261010
214 -43.352171
215 -44.423786
216 -44.609835
217 -44.224661
218 -43.454471
219 -43.472852
220 -44.016268
221 -43.890667
222 -43.942994
223 -44.152731
224 -44.026512
225 -44.222046
226 -44.093452
227 -44.899659
228 -43.819917
229 -44.913370
230 -44.299803
231 -45.128215
232 -45.046284
233 -45.368802
234 -44.978087
235 -44.896735
236 -44.391394
237 -45.027741
238 -45.478716
239 -45.438371
240 -45.325481
241 -45.029478
242 -45.124889
243 -44.835747
244 -44.732499
245 -45.625942
246 -45.136565
247 -45.464261
248 -45.682188
249 -46.297521
250 -45.612611
251 -45.974172
252 -46.317489
253 -45.506730
254 -46.259530
255 -45.569902
256 -44.674919
257 -45.943673
258 -45.321798
259 -45.275538
260 -44.966110
261 -45.489297
262 -46.075530
263 -45.431194
264 -45.169456
265 -44.714678
266 -45.152860
267 -45.013276
268 -44.249414
269 -44.768553
270 -44.340247
271 -44.495402
272 -44.340229
273 -46.130882
274 -45.232731
275 -45.950457
276 -44.838819
277 -45.279623
278 -44.727090
279 -44.460803
280 -44.658373
281 -45.389068
282 -44.287591
283 -44.577830
284 -43.828569
285 -44.265863
286 -43.545879
287 -44.287597
288 -44.216637
289 -43.805338
290 -43.879655
291 -44.718853
292 -44.032383
293 -44.218477
294 -43.974918
295 -45.173888
296 -44.978386
297 -43.940438
298 -44.045593
299 -44.984562
300 -44.847206
301 -44.997677
302 -45.265643
303 -45.065251
304 -45.178601
305 -45.032374
306 -45.180472
307 -44.832094
308 -44.439747
309 -45.149095
310 -44.888586
311 -44.981059
312 -45.252627
313 -45.517516
314 -45.576299
315 -45.761068
316 -45.539931
317 -46.195935
318 -45.934757
319 -45.778654
320 -45.206880
321 -46.331546
322 -45.370180
323 -45.203884
324 -45.551257
325 -45.408629
326 -45.129778
327 -45.676010
328 -44.604207
329 -45.418180
330 -45.376441
331 -44.860122
332 -44.322777
333 -44.272072
334 -44.739838
335 -45.112980
336 -44.635879
337 -45.024729
338 -43.979001
339 -45.067338
340 -44.469578
341 -44.907461
342 -44.458192
343 -45.232937
344 -44.793171
345 -45.404364
346 -44.407602
347 -44.350685
348 -44.047271
349 -44.627362
350 -44.458026
351 -45.590185
352 -45.200829
353 -45.241917
354 -44.251820
355 -45.327643
356 -44.298253
357 -45.328417
358 -44.358607
359 -45.427575
360 -45.350587
361 -45.864688
362 -45.483708
363 -45.516440
364 -45.122955
365 -45.849798
366 -45.432416
367 -46.756725
368 -46.433303
369 -45.126019
370 -44.957478
371 -45.256849
372 -45.780438
373 -45.768069
374 -46.267427
375 -46.030352
376 -46.258105
377 -46.715044
378 -46.462845
379 -46.176590
380 -46.454323
381 -46.062923
382 -45.323095
383 -46.321461
384 -45.044065
385 -47.006327
386 -46.684815
387 -47.883365
388 -47.020680
389 -48.185116
390 -47.835726
391 -46.733050
392 -47.120610
393 -47.058206
394 -45.962748
395 -46.989181
396 -46.880919
397 -46.205120
398 -46.743586
399 -46.530790
400 -46.704897
401 -46.463411
402 -46.389440
403 -46.400050
404 -45.800591
405 -46.373202
406 -46.478413
407 -46.603180
408 -46.687847
409 -46.533563
410 -45.559307
411 -45.690887
412 -45.779243
413 -46.016784
414 -45.840562
415 -45.971750
416 -45.686140
417 -46.940891
418 -46.683421
419 -45.728273
420 -45.757451
421 -46.490756
422 -46.170760
423 -46.809964
424 -46.704614
425 -46.628154
426 -46.407895
427 -47.437642
428 -46.737129
429 -47.608938
430 -47.478817
431 -47.322540
432 -47.282148
433 -47.579759
434 -47.102522
435 -47.686984
436 -47.329495
437 -47.623528
438 -48.125855
439 -47.909405
440 -47.915827
441 -48.004301
442 -47.051519
443 -47.612334
444 -48.058150
445 -47.601841
446 -47.065533
447 -48.228438
448 -47.807956
449 -46.218406
450 -46.562677
451 -46.119025
452 -46.759815
453 -47.051387
454 -46.573872
455 -46.339659
456 -46.467830
457 -46.066274
458 -46.508988
459 -46.491844
460 -45.962037
461 -45.600907
462 -46.861217
463 -46.189245
464 -46.660924
465 -46.023663
466 -46.304922
467 -46.349382
468 -45.545069
469 -45.176806
470 -44.561831
471 -45.486273
472 -46.150561
473 -44.703971
474 -45.227215
475 -44.577326
476 -43.890304
477 -44.225399
478 -44.284147
479 -44.592180
480 -44.291019
481 -45.544849
482 -44.977254
483 -45.761677
484 -46.209727
485 -45.267571
486 -46.102827
487 -45.447000
488 -45.217854
489 -45.833932
490 -45.748335
491 -45.328320
492 -45.848636
493 -45.595369
494 -46.027311
495 -46.089750
496 -45.939413
497 -46.981070
498 -46.629981
499 -46.971815
500 -46.581570
501 -47.820496
502 -46.709493
503 -47.540683
504 -47.321154
505 -47.635805
506 -47.495732
507 -47.714621
508 -47.249125
509 -46.883457
510 -46.441438
511 -47.488661
512 -45.579945
513 -47.618247
514 -47.746126
515 -47.597289
516 -47.154025
517 -47.269090
518 -47.267681
519 -47.386004
520 -47.188542
521 -47.908491
522 -47.252906
523 -47.208908
524 -47.703159
525 -47.532347
526 -47.000477
527 -47.215865
528 -46.662054
529 -47.720806
530 -47.068654
531 -47.483408
532 -46.513874
533 -47.866468
534 -46.128299
535 -47.479946
536 -46.504369
537 -46.480794
538 -46.658286
539 -47.043651
540 -45.650682
541 -46.107969
542 -45.752427
543 -46.541376
544 -46.081922
545 -46.940997
546 -46.852908
547 -46.708552
548 -46.500978
549 -46.654227
550 -46.735569
551 -47.483157
552 -46.714220
553 -46.943469
554 -47.642073
555 -47.202620
556 -47.717258
557 -47.473647
558 -47.697248
559 -47.962552
560 -48.082515
561 -47.457180
562 -47.038587
563 -47.849890
564 -47.154047
565 -48.473703
566 -46.853863
567 -47.935573
568 -48.080869
569 -47.806178
570 -48.270816
571 -47.565646
572 -48.431576
573 -48.809303
574 -47.978489
575 -48.724502
576 -47.785333
577 -47.250699
578 -48.261512
579 -47.281750
580 -47.367977
581 -47.333539
582 -47.171616
583 -47.334634
584 -47.003154
585 -47.353065
586 -47.232422
587 -46.657182
588 -46.351478
589 -47.250376
590 -46.920356
591 -47.067377
592 -46.964790
593 -46.427695
594 -46.677170
595 -47.294434
596 -46.216868
597 -46.926914
598 -45.971680
599 -46.948191
600 -47.616395
601 -46.195243
602 -46.393695
603 -46.518735
604 -46.245871
605 -46.237294
606 -46.131722
607 -46.201160
608 -45.270531
609 -46.859200
610 -46.963832
611 -47.156408
612 -46.660978
613 -47.379485
614 -46.340762
615 -47.255327
616 -47.217708
617 -47.828551
618 -46.460468
619 -47.164995
620 -46.820182
621 -47.030124
622 -46.824272
623 -46.619308
624 -47.126307
625 -47.053634
626 -47.410249
627 -47.462156
628 -47.705513
629 -47.368339
630 -47.050674
631 -48.279566
632 -48.074524
633 -48.661705
634 -48.256257
635 -48.025357
636 -47.810091
637 -48.184573
638 -47.150299
639 -47.463282
640 -47.755483
641 -47.645431
642 -46.907710
643 -46.891696
644 -46.791307
645 -47.251290
646 -47.149142
647 -46.687933
648 -46.823083
649 -47.598324
650 -47.526382
651 -47.287854
652 -46.731675
653 -46.453843
654 -46.455442
655 -46.508798
656 -46.135261
657 -46.834550
658 -46.594576
659 -47.587306
660 -46.718188
661 -47.520479
662 -46.942183
663 -47.296303
664 -45.244126
665 -46.639305
666 -45.993094
667 -46.958461
668 -46.283456
669 -46.501918
670 -45.884053
671 -46.672632
672 -45.969143
673 -46.147655
674 -47.152736
675 -46.829177
676 -46.323938
677 -47.249050
678 -46.499123
679 -46.909553
680 -47.016646
681 -47.643506
682 -47.112205
683 -47.944357
684 -48.122371
685 -47.945434
686 -47.947734
687 -47.880338
688 -48.443899
689 -46.921625
690 -47.652226
691 -47.291138
692 -46.650453
693 -47.734064
694 -47.014771
695 -47.772229
696 -47.345832
697 -47.608969
698 -47.645958
699 -48.111591
700 -48.669806
701 -47.768734
702 -47.800641
703 -48.367181
704 -47.436588
705 -46.994085
706 -47.063948
707 -47.099167
708 -46.150441
709 -47.299786
710 -47.092126
711 -47.969134
712 -47.129119
713 -47.663121
714 -45.529810
715 -46.737328
716 -44.850535
717 -46.407756
718 -46.175578
719 -46.880730
720 -46.302294
721 -47.748808
722 -46.324022
723 -47.443318
724 -46.692524
725 -47.030643
726 -46.053727
727 -47.281657
728 -47.252013
729 -47.353081
730 -46.053564
731 -47.110576
732 -46.493816
733 -46.784870
734 -45.682007
735 -46.484895
736 -46.618186
737 -47.207923
738 -47.825177
739 -46.344855
740 -46.567506
741 -46.598113
742 -47.114382
743 -46.958547
744 -47.009534
745 -47.502082
746 -47.397960
747 -47.156507
748 -46.554151
749 -47.283769
750 -46.878530
751 -46.981935
752 -46.824720
753 -45.902342
754 -46.872830
755 -46.146840
756 -47.062528
757 -47.210812
758 -46.920418
759 -47.062437
760 -47.318121
761 -46.356375
762 -47.427515
763 -46.949903
764 -47.937150
765 -46.915637
766 -47.160527
767 -47.276862
768 -46.379529
769 -45.819012
770 -46.195323
771 -46.260490
772 -45.703399
773 -45.726762
774 -46.088870
775 -45.477457
776 -44.861390
777 -46.537298
778 -45.598285
779 -45.769926
780 -45.077431
781 -45.694193
782 -44.709851
783 -45.356086
784 -44.720355
785 -45.673438
786 -44.340050
787 -45.140950
788 -44.186763
789 -45.529148
790 -43.994858
791 -45.240591
792 -44.651456
793 -44.804748
794 -44.526053
795 -44.854146
796 -43.908172
797 -44.475932
798 -43.444293
799 -44.618574
800 -44.261608
801 -44.911772
802 -45.088410
803 -44.529044
804 -44.264803
805 -44.191499
806 -45.152500
807 -45.062828
808 -44.808554
809 -45.384564
810 -44.310433
811 -45.416999
812 -45.192968
813 -45.723656
814 -45.965619
815 -45.438822
816 -45.835605
817 -45.679054
818 -45.324955
819 -45.384547
820 -45.300381
821 -46.365545
822 -45.102368
823 -45.860037
824 -46.427026
825 -46.300447
826 -45.899185
827 -45.823363
828 -45.858206
829 -46.393233
830 -45.938283
831 -46.566860
832 -46.378798
833 -44.626570
834 -45.630905
835 -45.097678
836 -45.230642
837 -45.169513
838 -44.947908
839 -45.013991
840 -44.413311
841 -44.612018
842 -44.811333
843 -44.842878
844 -44.299461
845 -43.838464
846 -44.676289
847 -44.775802
848 -44.700960
849 -44.964993
850 -44.485741
851 -45.475274
852 -43.780764
853 -44.672647
854 -44.170515
855 -44.623883
856 -44.240992
857 -43.819531
858 -43.610966
859 -44.865261
860 -43.639631
861 -44.626274
862 -43.767095
863 -44.167561
864 -44.430644
865 -45.139850
866 -44.160911
867 -44.753279
868 -44.679241
869 -44.685816
870 -44.535732
871 -45.028881
872 -44.634447
873 -45.148390
874 -45.725069
875 -44.519230
876 -44.343285
877 -44.677897
878 -45.161619
879 -44.746641
880 -44.718255
881 -45.247114
882 -45.381480
883 -45.002516
884 -45.639385
885 -45.318389
886 -44.923494
887 -45.411617
888 -46.252360
889 -45.638878
890 -45.322798
891 -45.964148
892 -46.102186
893 -45.744850
894 -46.279354
895 -46.202167
896 -45.522180
897 -44.992053
898 -45.103812
899 -45.240289
900 -45.592369
901 -45.766666
902 -44.992557
903 -45.238171
904 -45.309105
905 -44.924461
906 -44.670803
907 -44.610720
908 -44.871438
909 -44.931165
910 -36.957124
911 -44.991824
912 -44.085509
913 -45.645972
914 -44.733196
915 -45.080822
916 -44.391796
917 -45.036154
918 -44.590387
919 -44.675357
920 -43.943441
921 -44.249231
922 -43.992386
923 -44.119358
924 -44.534540
925 -44.811594
926 -43.561565
927 -44.824668
928 -44.302190
929 -45.423407
930 -44.771229
931 -44.598703
932 -44.286023
933 -45.039727
934 -44.211836
935 -44.742564
936 -44.805877
937 -44.563501
938 -44.628446
939 -45.130326
940 -44.696026
941 -45.190682
942 -44.625178
943 -45.596506
944 -45.191551
945 -45.746898
946 -45.630133
947 -45.474299
948 -45.464584
949 -45.483794
950 -45.487061
951 -45.511496
952 -45.956645
953 -46.452284
954 -45.738140
955 -46.200221
956 -46.240863
957 -45.743613
958 -45.998193
959 -46.025360
960 -45.979814
961 -43.793513
962 -42.935457
963 -43.314043
964 -43.414542
965 -43.5
966 -43.584514
967 -43.343406
968 -42.409154
969 -43.457559
970 -42.928029
971 -42.791711
972 -42.880701
973 -42.784505
974 -42.851138
975 -42.413377
976 -43.403533
977 -43.5
978 -42.718094
979 -43.202270
980 -42.508952
981 -43.111411
982 -42.525757
983 -43.337076
984 -42.288118
985 -43.162860
986 -42.010053
987 -42.857592
988 -42.793930
989 -43.472673
990 -42.211096
991 -43.599764
992 -42.629918
993 -42.907514
994 -43.881044
995 -43.404243
996 -43.203185
997 -43.422048
998 -43.330685
999 -43.726715
1000 -43.296724
1001 -43.647920
1002 -43.686945
1003 -43.095754
1004 -43.553277
1005 -43.455726
1006 -43.964064
1007 -43.847810
1008 -42.932972
1009 -44.101773
1010 -43.955418
1011 -43.606584
1012 -43.765181
1013 -43.686604
1014 -44.025836
1015 -44.024067
1016 -43.847456
1017 -43.689568
1018 -44.064837
1019 -44.644185
1020 -44.447284
1021 -43.917614
1022 -44.154835
1023 -43.729885
1024 -44.169172
