1 -1.594771
2 -1.971983
3 -1.960902
4 -1.657393
5 -1.905628
6 -2.025295
7 -2.069383
8 -1.599103
9 -1.487488
10 -0.923792
11 -0.905493
12 -1.095408
13 -0.968614
14 -1.974840
15 -1.611850
16 -0.719963
17 -1.587626
18 -0.626299
19 -1.758068
20 -0.666664
21 -1.428336
22 -0.732301
23 -0.913152
24 -0.521632
25 -0.939544
26 -0.963505
27 -1.155298
28 0.469181
29 -0.805115
30 0.066666
31 -1.340849
32 -0.329545
33 -0.658518
34 -1.067675
35 -1.164244
36 -0.270570
37 -1.243686
38 -1.194615
39 -1.766500
40 -0.991482
41 -1.444358
42 -1.316485
43 -0.821732
44 -1.719460
45 -1.775343
46 -1.575315
47 -1.423526
48 -1.581910
49 -1.560210
50 -1.814896
51 -1.553200
52 -0.886069
53 -1.628808
54 -1.795345
55 -1.794180
56 -2.400761
57 -2.445930
58 -1.692356
59 -2.931854
60 -2.025662
61 -2.309511
62 -2.161659
63 -2.986051
64 -2.051358
65 -2.795039
66 -1.918399
67 -2.485390
68 -2.000046
69 -2.413173
70 -2.065617
71 -2.170671
72 -1.269685
73 -2.270024
74 -1.430860
75 -1.357495
76 -0.830847
77 -1.639779
78 -1.546488
79 -1.553017
80 -0.869703
81 -1.624116
82 -0.916049
83 -2.427056
84 -1.318582
85 -0.759915
86 -0.875059
87 -1.645040
88 -1.642947
89 -0.920030
90 -1.843119
91 -1.142153
92 -0.872143
93 -1.149755
94 -1.296589
95 -1.715898
96 -1.512720
97 -1.047654
98 -0.933340
99 -1.287910
100 -1.483187
101 -1.636124
102 -1.746395
103 -1.705067
104 -1.171708
105 -1.667812
106 -1.984473
107 -1.682430
108 -2.205361
109 -2.247252
110 -1.971267
111 -3.020731
112 -2.331315
113 -1.508913
114 -1.535659
115 -1.646751
116 -2.262951
117 -2.714747
118 -2.194515
119 -3.630011
120 -2.853509
121 -2.714248
122 -2.442535
123 -2.986177
124 -3.138235
125 -2.621631
126 -2.731235
127 -2.809833
128 -2.133995
129 -0.667732
130 -0.597653
131 -1.227756
132 0.504989
133 0.022419
134 -1.124667
135 -0.616541
136 -0.179113
137 0.480182
138 0.191072
139 -0.387689
140 0.728623
141 0.676156
142 0.416860
143 0.434673
144 0.934136
145 -0.217337
146 1.401288
147 0.067077
148 0.738269
149 0.134942
150 0.932895
151 0.397605
152 1.194976
153 1.026070
154 1.243308
155 0.805412
156 1.606270
157 1.078389
158 1.630926
159 0.811030
160 1.427386
161 0.609258
162 0.995205
163 1.152093
164 0.887363
165 0.210552
166 1.083127
167 0.096550
168 0.539607
169 0.443570
170 0.462556
171 0.076429
172 0.332653
173 -0.198120
174 0.217097
175 -0.007671
176 -0.344548
177 0.128544
178 -0.337219
179 0.194802
180 0.106253
181 -0.259344
182 0.297410
183 -0.446056
184 -0.592873
185 -0.422117
186 -0.377513
187 -1.305848
188 -0.643412
189 -0.822683
190 -0.424699
191 -0.555962
192 0.485622
193 0.788945
194 1.351070
195 1.521561
196 1.074286
197 1.049570
198 1.868096
199 1.056064
200 1.576519
201 1.430810
202 2.074482
203 1.953839
204 2.536191
205 2.165364
206 1.461826
207 1.658937
208 1.551776
209 1.829632
210 2.176872
211 1.130278
212 2.258805
213 1.680031
214 2.572593
215 1.542832
216 1.384358
217 1.731993
218 2.520068
219 2.454895
220 2.014391
221 2.153862
222 2.068311
223 1.819280
224 1.950491
225 1.794499
226 1.935013
227 1.112560
228 2.244388
229 1.042642
230 1.672537
231 0.815253
232 0.906625
233 0.595561
234 0.996537
235 1.117028
236 1.583885
237 0.960667
238 0.538895
239 0.564250
240 0.643094
241 0.935330
242 0.808080
243 1.109184
244 1.205050
245 0.299487
246 0.820371
247 0.479455
248 0.277060
249 -0.364292
250 0.290043
251 -0.020017
252 -0.353771
253 0.421320
254 -0.357097
255 0.343839
256 1.244032
257 0.118133
258 0.689780
259 0.676638
260 1.029072
261 0.554881
262 -0.118384
263 0.554044
264 0.886784
265 1.245904
266 0.831914
267 1.002759
268 1.756384
269 1.213530
270 1.663657
271 1.570397
272 1.759485
273 -0.025442
274 0.891196
275 0.201071
276 1.345321
277 0.782981
278 1.368351
279 1.651901
280 1.463060
281 1.086187
282 1.788264
283 1.652813
284 2.587836
285 1.772562
286 2.454861
287 1.839935
288 1.989516
289 2.479852
290 2.513418
291 1.332155
292 2.115995
293 1.736644
294 1.996310
295 0.825228
296 0.942971
297 2.048618
298 1.880146
299 1.070925
300 1.224464
301 0.967969
302 0.753438
303 0.933375
304 0.933124
305 1.058092
306 0.835776
307 1.183958
308 1.539672
309 0.790494
310 1.063647
311 0.993201
312 0.674338
313 0.480705
314 0.352683
315 0.194927
316 0.390341
317 -0.238946
318 -0.031280
319 0.154335
320 0.737058
321 -0.283462
322 0.625427
323 0.794646
324 0.406108
325 0.588333
326 0.815464
327 0.349346
328 1.372035
329 0.552298
330 0.592582
331 1.117362
332 1.650834
333 1.762258
334 1.249707
335 0.868929
336 1.363106
337 1.071316
338 1.948292
339 0.849913
340 1.571406
341 1.044660
342 1.660403
343 0.783228
344 1.198447
345 0.727756
346 1.561970
347 1.571266
348 1.944504
349 1.496898
350 1.595689
351 0.414303
352 0.920754
353 0.655692
354 1.816883
355 0.698353
356 1.554967
357 0.646872
358 1.753172
359 0.789283
360 0.534720
361 0.245685
362 0.472641
363 0.529036
364 0.909189
365 0.123337
366 0.752050
367 -0.746695
368 -0.214637
369 0.882154
370 1.031179
371 0.707447
372 0.171781
373 0.263637
374 -0.285835
375 -0.051282
376 -0.268022
377 -0.723063
378 -0.426497
379 -0.213714
380 -0.489689
381 -0.121463
382 0.628052
383 -0.361537
384 1.007879
385 -1.135309
386 -0.711506
387 -2.143237
388 -0.886832
389 -2.179563
390 -1.592691
391 -2.130463
392 -1.927489
393 -0.700474
394 0.084292
395 -1.265255
396 -1.129581
397 -0.486003
398 -0.867021
399 -0.841605
400 -0.913453
401 -0.260942
402 -0.412081
403 -0.450002
404 0.121627
405 -0.387138
406 -0.776396
407 -0.598954
408 -0.945141
409 -0.528088
410 0.098685
411 0.326578
412 -0.181329
413 0.226650
414 0.356419
415 0.584648
416 0.244910
417 -0.697189
418 -0.496977
419 0.226992
420 0.458908
421 -0.616296
422 -0.256325
423 -0.920381
424 -0.508807
425 -0.977678
426 -0.658713
427 -1.693362
428 -0.373315
429 -1.532566
430 -1.339223
431 -0.528368
432 -1.350566
433 -1.565619
434 -1.835947
435 -1.639054
436 -1.423694
437 -1.671329
438 -2.297581
439 -1.961744
440 -1.953722
441 -2.032585
442 -1.707463
443 -1.594129
444 -1.941603
445 -1.938768
446 -1.889995
447 -2.587902
448 -2.038353
449 -0.137214
450 -0.533090
451 0.126069
452 -0.729620
453 -0.755144
454 -0.675300
455 -0.650455
456 0.418724
457 0.306350
458 0.203480
459 -0.558344
460 -0.180360
461 0.382791
462 -1.172572
463 -0.718798
464 -0.633299
465 0.401078
466 -0.550782
467 -0.240213
468 -0.154367
469 0.927340
470 1.753372
471 0.516893
472 -0.397151
473 1.348859
474 1.453046
475 1.444653
476 2.243079
477 1.761154
478 1.789796
479 1.414625
480 1.683792
481 0.534685
482 1.182908
483 0.075236
484 -0.183310
485 0.855157
486 -0.366555
487 0.549727
488 0.781572
489 0.185941
490 0.668847
491 0.702828
492 0.512857
493 0.486253
494 0.003950
495 0.029855
496 0.131834
497 -0.964610
498 -0.733623
499 -0.850228
500 -0.652611
501 -1.969780
502 -0.632678
503 -0.447433
504 -0.625712
505 -1.750117
506 -1.525841
507 -2.020045
508 -1.239548
509 -1.093059
510 -0.356181
511 -1.765550
512 0.607113
513 -1.715895
514 -1.869526
515 -1.691400
516 -1.256325
517 -1.353149
518 -1.350841
519 -1.468313
520 -1.250189
521 -1.999308
522 -1.345909
523 -1.290603
524 -1.790075
525 -1.609254
526 -1.088923
527 -1.233687
528 -0.652914
529 -1.637556
530 -1.215013
531 -1.525622
532 -0.593176
533 -2.006153
534 -0.193225
535 -1.532066
536 -0.533986
537 -0.499146
538 -0.705826
539 -1.103967
540 0.318910
541 -0.092710
542 0.198678
543 -0.466125
544 -0.108528
545 -0.937245
546 -0.856040
547 -0.798147
548 -0.551154
549 -0.682821
550 -0.798500
551 -1.530213
552 -0.798400
553 -1.003888
554 -1.698244
555 -1.290660
556 -1.772535
557 -1.561493
558 -1.784773
559 -2.091250
560 -2.172167
561 -1.487908
562 -1.070365
563 -1.908655
564 -1.227859
565 -2.543434
566 -0.940995
567 -2.031524
568 -2.189622
569 -1.882673
570 -2.356924
571 -1.642521
572 -2.482385
573 -2.936875
574 -2.079545
575 -2.822567
576 -1.905528
577 -1.303493
578 -2.296393
579 -1.362445
580 -1.432060
581 -1.432453
582 -1.189340
583 -1.339444
584 -1.081010
585 -1.424435
586 -1.244880
587 -0.659862
588 -0.349781
589 -1.268321
590 -0.981328
591 -1.120610
592 -1.007164
593 -0.478411
594 -0.769245
595 -1.283754
596 -0.269149
597 -0.996886
598 -0.026279
599 -1.029470
600 -1.611248
601 -0.217346
602 -0.429451
603 -0.453081
604 -0.239910
605 -0.242560
606 -0.196162
607 -0.143698
608 0.678966
609 -0.944025
610 -0.895263
611 -1.245633
612 -0.669588
613 -1.456093
614 -0.350989
615 -1.297903
616 -1.320133
617 -1.959765
618 -0.560840
619 -1.241114
620 -0.938793
621 -1.101121
622 -0.903558
623 -0.653019
624 -1.255551
625 -1.137833
626 -1.459728
627 -1.491593
628 -1.774553
629 -1.397265
630 -1.157472
631 -2.346223
632 -2.104765
633 -2.738099
634 -2.310276
635 -2.059512
636 -1.954647
637 -2.259225
638 -1.250839
639 -1.491054
640 -1.850586
641 -1.361800
642 -0.919012
643 -1.099600
644 -0.804098
645 -1.662946
646 -1.166983
647 -0.751881
648 -0.823658
649 -1.637072
650 -1.676319
651 -1.167944
652 -0.838182
653 -0.498754
654 -0.635029
655 -0.211032
656 -0.080395
657 -0.906001
658 -0.617040
659 -1.726256
660 -0.821220
661 -1.545077
662 -1.041492
663 -1.340324
664 0.684507
665 -0.632948
666 -0.154915
667 -0.969498
668 -0.352738
669 -0.525424
670 -0.000779
671 -0.469291
672 0.120311
673 -0.044779
674 -1.104857
675 -1.023336
676 -0.385079
677 -1.254860
678 -0.571205
679 -0.919355
680 -1.073584
681 -1.656476
682 -1.177710
683 -2.009923
684 -2.235977
685 -1.992821
686 -2.018258
687 -1.885728
688 -2.424472
689 -0.732789
690 -1.417458
691 -1.219688
692 -0.698282
693 -1.927606
694 -1.009784
695 -1.890947
696 -1.314581
697 -1.746864
698 -1.647846
699 -2.112746
700 -2.493997
701 -1.838521
702 -1.660880
703 -2.106104
704 -1.299479
705 -0.942105
706 -0.998871
707 -0.995018
708 0.046158
709 -1.088934
710 -1.226415
711 -1.844573
712 -1.505598
713 -1.657027
714 -1.191465
715 -0.678404
716 0.309042
717 -0.532967
718 -0.410027
719 -0.546768
720 -0.303926
721 -1.664251
722 -0.377259
723 -1.426352
724 -0.724861
725 -1.043020
726 -0.088699
727 -1.375999
728 -1.235920
729 -1.374058
730 -0.150979
731 -1.063348
732 -0.493821
733 -0.737472
734 0.144365
735 -0.530376
736 -0.627949
737 -1.190355
738 -1.691867
739 -0.386156
740 -0.576368
741 -0.645319
742 -1.161646
743 -0.998274
744 -1.096634
745 -1.495688
746 -1.438248
747 -1.191778
748 -0.764844
749 -1.243546
750 -0.995813
751 -0.904926
752 -0.941648
753 -0.190140
754 -0.844398
755 -0.389878
756 -1.104229
757 -1.142724
758 -0.935213
759 -1.208842
760 -1.313679
761 -0.309955
762 -1.465723
763 -0.923150
764 -2.035602
765 -0.846074
766 -1.233993
767 -1.295817
768 -0.393760
769 0.157790
770 -0.217021
771 -0.210716
772 0.302324
773 0.244561
774 -0.076024
775 0.494650
776 1.082870
777 -0.577662
778 0.464215
779 0.218963
780 0.913382
781 0.338509
782 1.275825
783 0.684363
784 1.358085
785 0.313733
786 1.687070
787 0.864436
788 1.864418
789 0.482760
790 2.039099
791 0.758473
792 1.383115
793 1.290533
794 1.478584
795 1.206984
796 2.116844
797 1.598902
798 2.590735
799 1.440643
800 1.829473
801 1.189465
802 0.964743
803 1.495258
804 1.716397
805 1.826872
806 0.806764
807 0.938366
808 1.189891
809 0.596260
810 1.720307
811 0.580215
812 0.809608
813 0.242268
814 0.035023
815 0.536872
816 0.167522
817 0.337306
818 0.698759
819 0.610649
820 0.698693
821 -0.375512
822 0.885521
823 0.137143
824 -0.429196
825 -0.296248
826 0.087680
827 0.138052
828 0.129701
829 -0.402634
830 0.015040
831 -0.579268
832 -0.360242
833 1.380855
834 0.334693
835 0.931741
836 0.758053
837 0.834483
838 1.078056
839 1.017335
840 1.564851
841 1.367818
842 1.234697
843 1.251277
844 1.726791
845 2.141060
846 1.341341
847 1.252710
848 1.377352
849 1.066303
850 1.519869
851 0.585688
852 2.224824
853 1.359734
854 1.817865
855 1.388104
856 1.781845
857 2.189231
858 2.414013
859 1.185162
860 2.433739
861 1.482403
862 2.206045
863 1.861074
864 1.615115
865 0.925504
866 1.912293
867 1.316661
868 1.412214
869 1.320235
870 1.503791
871 0.978528
872 1.414848
873 0.898012
874 0.301573
875 1.506774
876 1.680544
877 1.339273
878 0.867362
879 1.297314
880 1.336588
881 0.761349
882 0.621415
883 1.051010
884 0.366960
885 0.687978
886 1.104505
887 0.606421
888 -0.280866
889 0.397957
890 0.661302
891 0.025621
892 -0.084109
893 0.248666
894 -0.252229
895 -0.202143
896 0.489344
897 0.933606
898 0.800550
899 0.670864
900 0.315207
901 0.214519
902 0.961034
903 0.674670
904 0.586044
905 1.041090
906 1.345160
907 1.362519
908 1.203453
909 1.219008
910 2.069155
911 1.141953
912 2.030496
913 0.269904
914 1.271892
915 0.830396
916 1.529676
917 0.849078
918 1.308334
919 1.231554
920 2.067106
921 1.682270
922 2.038670
923 1.814019
924 1.679906
925 1.250200
926 2.409428
927 1.185852
928 1.936933
929 0.859677
930 1.286185
931 1.557579
932 1.704900
933 1.022404
934 1.729217
935 1.376302
936 1.237745
937 1.489849
938 1.270662
939 0.833416
940 1.266033
941 0.840506
942 1.268191
943 0.333910
944 0.694773
945 0.601661
946 0.418514
947 0.551617
948 0.457624
949 0.627813
950 0.454727
951 0.557235
952 0.080794
953 -0.550350
954 0.305232
955 -0.173939
956 -0.320776
957 0.257466
958 -0.074587
959 -0.163614
960 -0.078210
961 2.184813
962 3.031465
963 2.635294
964 2.637200
965 -45.897391
966 2.489981
967 2.687318
968 3.417727
969 2.423611
970 3.111969
971 3.242672
972 3.189716
973 3.068295
974 3.287370
975 3.556098
976 2.740266
977 -45.897391
978 3.217122
979 2.637054
980 3.318842
981 2.836963
982 3.594231
983 2.636542
984 3.805312
985 2.794890
986 4.028485
987 3.137471
988 3.335259
989 2.453256
990 4.038379
991 2.400218
992 3.542061
993 3.172383
994 2.148657
995 2.844756
996 2.591369
997 2.743637
998 2.759887
999 2.444283
1000 2.612730
1001 2.264519
1002 2.313736
1003 3.096842
1004 2.460921
1005 2.587487
1006 1.942792
1007 2.305651
1008 2.898010
1009 2.226778
1010 2.195819
1011 2.521106
1012 2.267548
1013 2.309032
1014 2.009963
1015 1.802067
1016 2.066558
1017 2.202229
1018 1.846269
1019 1.280658
1020 1.603360
1021 1.970238
1022 1.868884
1023 2.209889
1024 1.771955
